/home/s2630575/thesis/espcnmodel/ESPCN_x4
mean PSNR value is 26.270069135011386 dB
mean SSIM value is 0.7215572531856871
total n:
1000
/home/s2630575/SwinIR/results/swinir_lightweight_sr_x4
mean PSNR value is 21.69891888917293 dB
mean SSIM value is 0.6077607241955924
total n:
1000
psnr dict
{'espcn': [23.42483987664042, 28.09879540008931, 26.17533063772926, 28.247930757523196, 24.994600800086193, 31.86003001126947, 28.174395487489996, 26.091092350313296, 27.56840062870736, 24.5623226472456, 24.49682811534099, 25.48469047293517, 27.64231530494742, 26.464510779663662, 27.171097415765338, 26.325321071655566, 24.6546161312963, 25.39927243108596, 24.971498605909996, 27.24639811442563, 27.775321918507316, 25.62782300735212, 26.321148496598834, 25.39833486989931, 24.96343240970967, 23.69474611692537, 26.054996690759715, 28.725684644217118, 19.86825519928487, 31.26537194238285, 31.016457370084936, 30.623983158006084, 29.6164150142201, 24.029738516498856, 23.402552295103778, 27.05122079361478, 28.00679715289327, 23.50349742042586, 25.686131604032987, 22.818720952608828, 23.166661541465253, 26.159728094640947, 29.349233539784066, 41.52236218815732, 36.858717727632126, 37.695400564190905, 40.010138994224924, 34.59515948907156, 39.89900881494982, 37.362042007065355, 32.32655996726127, 30.776766315058453, 34.98939781873283, 32.84194296896842, 37.468202646543915, 30.103541585287136, 27.651918200030163, 30.42601606161206, 31.272541511669058, 29.365412603559076, 35.16094584500527, 39.6492421363471, 39.70046844539623, 27.72406186307165, 33.264233213203276, 25.990280385227837, 24.19427435102239, 36.17149436078938, 32.86113731871279, 26.83984213855392, 26.891079965266364, 25.307808519261087, 25.365027645258138, 25.679098049684317, 26.068234014354136, 27.601434242115843, 28.15580033213861, 28.66124481363926, 28.14128934890119, 25.59560748576333, 27.970541028100172, 29.293553894313913, 29.9916034259077, 34.0497016293115, 29.934350652193082, 25.219529077129266, 29.00944393109036, 34.46062304051769, 25.942238314630053, 32.18107277107651, 27.28064583056936, 37.80077140746287, 27.842612623657704, 36.5914315502568, 27.115156969651224, 25.77854075351727, 38.012400647630606, 30.652934731129704, 36.41327722521835, 32.44767479899822, 29.107282252493363, 28.811025682244193, 34.94580476292574, 30.08981205980109, 32.21138812295199, 32.19742010548772, 36.33269845612339, 33.107091119655564, 27.070264405648512, 26.484006210245855, 18.744331026518935, 17.529876147445073, 19.213113422478997, 25.26750836721743, 23.124973533421933, 23.804866326374174, 30.85323117287318, 23.837249811832226, 27.341188811999537, 26.009865158717375, 25.080502086030798, 36.235843805509916, 30.326621692034195, 28.526835356161428, 30.251438364365015, 27.221738299873117, 31.695330400666705, 23.837042091927966, 26.897478613955958, 28.56393006148597, 24.738480636910637, 35.18264569981076, 32.01131341710748, 30.142771075337897, 28.55195563563969, 28.23961165108156, 26.278639020763617, 27.03057785609253, 32.73062244357667, 29.66422292130744, 34.57613816763565, 25.68406145548929, 26.801046558432734, 30.712117917806264, 31.49070153991215, 27.634591370824037, 30.798094634154673, 26.180282862930397, 33.89261723537589, 30.45969975044413, 26.319389311180906, 29.373076948657335, 26.1348834124901, 31.823914000002596, 34.22954915828867, 21.47215589597947, 31.82401894257592, 25.542702743542304, 25.487084058564236, 31.69557903105502, 27.783942627939417, 29.610394300720788, 26.894357545234318, 25.61107003793795, 29.984819175612564, 30.309363555904007, 27.72344699219196, 33.228869168978086, 27.360400194906674, 30.69739071080786, 21.529963981692248, 26.009209480347263, 22.82562315730088, 24.124973118837502, 21.71049148488006, 20.85939525021122, 20.45826836938137, 18.67379316522878, 23.53753727387798, 24.51029726614874, 18.918775323409378, 25.08470919453103, 20.226259477780587, 22.070069700687224, 27.26473705778687, 32.09033650331264, 23.30509681307681, 18.567969553486186, 22.90559643492101, 22.884012881907783, 23.50087340834755, 22.717807562709744, 23.101136570327796, 23.622753917880107, 22.311892435136794, 31.946171987450292, 35.65702806203654, 29.473184429893912, 37.07639220846837, 31.315194349042695, 17.822384371086816, 27.737482093812144, 22.356985911301784, 24.608125846424986, 30.289432285786116, 21.914030785987716, 27.4678486341853, 20.219696863993466, 32.945724650854764, 22.553118622150667, 20.544567122430124, 21.90272688821352, 20.896712321087975, 23.834367517945395, 25.71459237710573, 22.19744570714424, 25.053265782081354, 22.0234847868127, 21.79616470828386, 19.79487674451302, 20.114645321076917, 25.885840089623123, 26.662468568659648, 20.977076473030376, 21.751135485253762, 20.070823756734086, 23.757231071096, 24.152022113948636, 21.33486395869978, 19.74577150409885, 25.456846916382414, 22.701535492968713, 24.6799566973166, 22.443396789070857, 22.269708396977855, 24.44738935117417, 23.280127156294014, 21.030002068021552, 26.36531714323622, 26.97667896759798, 27.828731705970124, 26.07323339747435, 23.97195960026219, 24.787649700362245, 25.00502364023777, 27.62607581647425, 27.1151468168457, 25.30462042702603, 20.027122565715327, 27.186057318483293, 28.811031702196267, 27.9825162954144, 20.654043519463734, 22.492988429728022, 21.920107677506138, 26.629008113014226, 24.921937983398887, 23.64476862492311, 27.143700092501515, 22.75013314344423, 21.850517390447408, 20.821406894511668, 24.364070431646073, 23.16531539239653, 20.748246534134807, 21.61708774137739, 24.768274090112563, 24.002208294557352, 28.05608224371806, 20.49204713885168, 21.11673851227517, 20.303081352018065, 21.647556171875006, 21.05242453957792, 20.874650404516515, 23.644163691355985, 20.30308578825435, 18.50867518418115, 19.32344431595865, 21.611471521822516, 20.314632533159998, 21.161512205871965, 22.207311807927447, 20.40729823045605, 21.956864143290765, 22.717439143027622, 21.875442490574628, 21.499383957089062, 21.901808585651974, 19.10177526253238, 19.569559989547326, 20.86136256437581, 19.630663311763637, 19.627239074009086, 24.302096715645742, 20.389308977567318, 19.49795383080259, 19.323142705564678, 21.14151561773423, 18.300768388476076, 20.442217260043158, 21.079787864085233, 31.641380304025432, 38.212070599825964, 35.232743194796086, 28.039210441853136, 40.08740102096258, 35.46482745646975, 37.813408218651176, 32.42469011156793, 33.87039553756414, 33.04889119463588, 38.852492251231396, 35.07059671519312, 38.0593258930119, 34.298136264284096, 40.03108181354768, 34.4597165281255, 39.13163997268482, 38.14242647201234, 33.01563136989484, 35.92869549429742, 35.09327927591439, 32.75522457176319, 31.696813439024304, 34.0235421202147, 32.23944743774318, 35.05112746370155, 41.97412959367627, 31.248793975343546, 40.66315455099549, 41.618221842690204, 39.067486119063624, 39.05728327465705, 30.44509338074194, 30.499041771751436, 32.69090852792492, 32.20628086462856, 33.3866291920497, 31.259384207916487, 30.152567436032335, 33.56226610937067, 33.11090145041818, 33.24808348622405, 28.282132373481925, 32.426932289439996, 33.656710743946434, 25.27954295460528, 26.96618079346702, 29.731374015414755, 32.457412784206014, 31.73148663961268, 33.96682813931969, 33.92597186386673, 28.8149574527713, 36.53534861735765, 33.17057347917377, 31.365175333609475, 34.28154359149264, 34.015130121793185, 33.99956542492353, 37.18954588391787, 32.55770601305647, 31.579412766081205, 24.562869332222633, 31.199832095326215, 26.98931005728936, 21.64310854927588, 24.473118876555205, 29.906543867288992, 25.426016865466718, 26.88965752648196, 26.78405957739473, 29.450089550533953, 27.89431435014462, 25.78588885798874, 26.67320545818626, 24.576250802637038, 23.709290731689844, 24.417468901742915, 25.431197175257843, 24.87388152078813, 23.444196163849398, 29.385745452119192, 27.88581607215391, 26.291850695235507, 28.07531401152731, 31.790414970178865, 25.167450440537074, 28.598855449095687, 27.09883334270725, 24.551026756092398, 20.839583935458116, 31.51917166946584, 21.19139954198704, 25.442612245771656, 26.71731501959609, 22.057645099276733, 21.918401296482823, 26.91500885058543, 20.44504376202013, 22.388370237055987, 26.320381337879848, 22.995177664769972, 21.570458731903965, 28.831014051232316, 24.1461574226236, 24.13838610917949, 26.558202081234263, 26.23136224177198, 32.77886466978211, 35.45829953605034, 24.243684402567656, 25.245070842234874, 20.799726330720432, 22.50168884677138, 22.792548354488606, 23.084533687152305, 22.657854636016005, 27.202480289297725, 27.300290118105973, 33.16174110924939, 26.622545621980088, 29.868067740986987, 32.279843599598834, 32.30330865255976, 31.132969693550386, 30.442185044909465, 26.111961601584362, 25.321669885730323, 27.316847474580527, 28.97944635140857, 28.669505110285982, 31.333580289069168, 28.704551705881126, 30.148438581418773, 33.59158404153001, 31.37326758191697, 33.54466416180297, 37.34933235382756, 32.60441522240868, 34.4945452443846, 35.85881071509256, 33.67830358942294, 36.805477809689854, 28.50827630649991, 25.727141270425925, 33.50492476915993, 35.77423510270346, 37.41877418189755, 22.931741979620618, 23.722353247687316, 21.91228684205308, 21.43719944539674, 23.6166021485301, 22.055609310172382, 20.699600664554318, 22.529248865233754, 23.057185902877837, 24.00138787435788, 22.043374560694716, 23.777503613176194, 26.925116420801146, 30.81154523849039, 30.217534847668915, 21.138691086255417, 21.49460439284477, 20.52208722370932, 21.248395087874435, 21.12905483761017, 20.906324676160935, 21.48298700841508, 22.226455041482556, 22.612766193497116, 22.664299265400125, 23.992714532657192, 22.696861160251956, 25.28622279239166, 24.854665921629095, 25.227700311793747, 23.317448606669217, 23.589486210375448, 22.02752579336794, 24.043494011384627, 25.509296587365476, 22.874548075444416, 25.499103690247704, 26.800454235001325, 26.47686639435239, 28.072889654869293, 20.344929232958474, 23.66324273769932, 28.144307454452182, 31.451862809686965, 24.75985244220176, 28.854094923501542, 24.230655747694783, 29.383900682955392, 23.473081245251745, 24.512300584868953, 23.035563301644594, 25.585122675043838, 30.733124257901085, 29.805065985975496, 28.442766095170743, 28.020220096378495, 25.09911002535373, 26.169079232043696, 27.204555772672556, 27.58829071141454, 26.550268745370555, 23.73054965862501, 23.198958535845264, 26.510098830646655, 30.312330988522362, 27.080679665764947, 30.22933055527592, 28.641993353623377, 30.037109458106272, 30.78785746790613, 21.47952789504734, 23.129921267611195, 24.015401144971197, 24.20363765816237, 24.091873894161544, 22.966049437757686, 25.29165187077738, 21.486936309426866, 22.370313906537884, 21.473686356581535, 26.58238134555539, 26.011301685579472, 27.972329734120386, 26.35270873476435, 27.82619887000699, 20.168589144888152, 25.911415286172783, 24.590682394436755, 26.765837496826745, 28.155634593451126, 24.897921703261886, 25.564622155876748, 28.21401257451456, 29.003241912085464, 24.33743097428224, 26.284190904365804, 27.81877754597314, 23.90464610137574, 24.456906471642277, 26.53384916091641, 24.884444104977206, 25.34143425603024, 27.634985930103568, 29.49852544738844, 29.521971274177787, 27.108176266967355, 25.21199288864063, 31.895378196613493, 26.17677457424586, 27.414922560660774, 31.03066878589154, 21.388149828542144, 20.16629408762297, 19.22848940391646, 26.3112029677402, 24.67344932441759, 19.589256482948134, 20.383166716169157, 21.283101406962068, 21.303979247565596, 20.062023817887802, 24.876137267768193, 23.979809976233927, 23.672424391346176, 27.17233462625863, 25.460618689379242, 24.478504588578485, 16.788127407151347, 19.044011190696697, 20.88406635535256, 18.123270648553106, 18.045912456539533, 22.502289346251274, 19.055430563344707, 24.50212035486611, 25.324601340520495, 20.255442161250166, 17.703621617786926, 18.94869381476341, 21.24754750872225, 20.683064098037946, 20.311750429202586, 30.505643025145794, 31.855549641238703, 34.5024679743138, 32.86579437964697, 34.8836194323447, 26.118757628190913, 25.276127974067357, 26.809635706349443, 29.145355888862674, 24.873587658424448, 24.946637833476338, 24.31790781473323, 25.323718464254004, 25.321399827641493, 26.689831733916822, 22.84051465686421, 31.702662795708967, 24.84280657487702, 23.364488293579026, 22.476693608482947, 21.33041589938796, 22.74422840585247, 30.86729229379856, 27.875263570415566, 30.906726694422865, 27.93049871006651, 27.287869794636297, 31.126466316827496, 30.78270111713449, 22.3421808001862, 24.08244146016996, 24.260626013608587, 25.459223179560887, 31.85750991020791, 27.16816840239991, 32.10758695485232, 27.722628019647217, 27.116086513404618, 29.361878283610654, 26.28348086107136, 27.382041506244974, 25.18636811447051, 22.632469478785133, 28.908539247596188, 27.3034748260522, 24.64135144146457, 23.416698681460257, 26.83741383501718, 23.36202679602237, 27.0383479257491, 26.476754317755407, 32.91890730766439, 28.301881304637515, 27.49144171154347, 24.96028503989421, 28.396911622013135, 25.871263156910537, 24.039307567236552, 26.124451996434335, 24.986835532017327, 33.08814472916567, 23.507053054721364, 26.07989687186773, 23.782917410226503, 30.951257366083404, 26.291961681284896, 21.81610385964926, 23.226026015864, 28.90840866135409, 28.946352374891838, 32.2114880408371, 26.849497399488303, 27.83019992927337, 30.870415261918133, 24.1200814638735, 28.09164131319453, 25.59329084304641, 26.861402487103998, 23.243166372023182, 28.1937003328109, 23.94418938357952, 21.595320305193155, 20.271143241417796, 19.712690408261196, 29.860058098290256, 26.044513926553673, 28.63088181517449, 27.53893304530109, 21.567080825391702, 21.10672589734941, 29.732710450347053, 26.355560691291245, 32.11351564911109, 26.305480831259686, 31.67638122219513, 30.86610874682172, 28.01012472349802, 22.053136620234888, 20.289514724047628, 23.26046532010684, 20.825490998730174, 17.719672129497923, 23.33019773552063, 23.48826421010472, 17.690185935231707, 21.30895111520939, 20.911580609659254, 19.626881032845468, 23.565493867768865, 20.175901526226955, 22.946393590983476, 20.893605505589555, 26.95663339477859, 18.5934601848022, 20.63515888066538, 22.549506398215545, 19.996313614683952, 25.66442269377159, 23.95328261361516, 21.638792931801646, 23.913447414313058, 25.90880633261994, 23.6398245668325, 23.03565218965852, 27.263526300616565, 25.218155201654618, 27.347045626861508, 27.847269049225616, 23.956516932750908, 25.027206174597133, 34.53896791734899, 20.730407384403343, 23.44444899886971, 24.666267329104883, 32.13063163596662, 24.51485113303397, 27.243370456912032, 24.916673768160994, 29.518907634369498, 22.01426234603066, 22.741524551330027, 21.554388774099607, 21.13686827617895, 21.05282850748604, 21.10997066878388, 21.51030712552859, 23.348700839025717, 23.01055191869228, 19.95872497356578, 20.35562147675638, 21.379239349980672, 20.10268683645468, 32.0531377810947, 19.78051125894489, 18.62750472446054, 30.88342339577455, 25.4594494039263, 27.388659060480663, 26.713812924708407, 27.497844737526812, 25.761299800322725, 25.183224719341915, 31.47846768902513, 36.01098184589596, 31.8035525573233, 28.18236622224596, 31.077233676685697, 34.11427145577359, 32.426618920364405, 30.955928476612286, 30.48246633541283, 29.94104779668556, 26.70258345439858, 30.556936541524493, 28.739415413368896, 31.41409743587011, 29.83389345033813, 29.633850419405906, 31.599075162541347, 29.227462810845168, 24.623198913459547, 26.812937573641392, 27.98626609472031, 28.182669108790343, 31.329350545407742, 32.14918544934179, 25.340067697794257, 24.841311375763592, 29.98501206844693, 24.446322444934935, 26.75242791030165, 29.378029476856216, 32.215919976704576, 30.60008094708714, 26.406997224922343, 29.476136272502103, 24.235543797842784, 25.527067135929894, 22.0893142350681, 21.095290898126965, 26.739447919010995, 22.67847238179916, 22.52283852611655, 22.767113789689347, 22.014133657424352, 21.653765143288762, 21.551774081954548, 23.126786562465377, 23.454083708230367, 22.404541680323767, 21.3382166881162, 24.101928689869418, 20.995206197572, 22.266896208009296, 25.32979415296134, 20.992969699844956, 27.337111053406744, 28.708214178622402, 31.29764366269608, 29.07156099369494, 26.423093329164598, 23.28440715563641, 24.519633915234493, 22.216608610837785, 21.540314699661856, 23.033269649780998, 29.216415407255518, 19.79060196534891, 24.486591000111723, 20.821127969027767, 31.67573153294913, 21.32606166860521, 23.748326546682655, 25.640768181586964, 21.37626927512899, 22.760693164192986, 23.101658449239267, 22.485648005355586, 24.47152456240787, 24.177599568251644, 25.662287834693775, 23.123680943709207, 28.266316817351672, 25.620425024504566, 25.309913533348958, 27.060702019578212, 24.919930922399907, 24.73758680694633, 22.56689417350497, 24.041793365449237, 23.853322541241823, 24.343714447097792, 23.55916784270417, 24.1954586263102, 23.545208163916122, 21.43540040082067, 26.509304039034035, 25.380776233263735, 23.914471728090128, 25.242335944379967, 24.136505395086687, 23.160710379773555, 23.899739903971074, 20.817043440494487, 31.35448250749578, 30.927590889331785, 24.114601800107998, 36.59211713935417, 23.79717028778696, 24.937907227857888, 21.34746615613839, 28.24025711388221, 34.61373503689216, 27.74972247342495, 26.851822356476664, 23.99938590591063, 25.867445611242687, 20.396215895240395, 22.687720308786638, 22.19639342497902, 21.865373937649224, 22.593018935687212, 22.880256904887922, 22.596012167937396, 21.934080264762734, 20.617544967407817, 23.18924002402833, 22.204924679499438, 21.085597499838656, 34.16560304677792, 21.909673942407643, 20.02505896545614, 25.091712641356075, 26.86494550089741, 22.07020673134859, 17.668483990286955, 25.552357714100413, 26.387426024937174, 25.63548651279859, 23.57309761917302, 24.35720860240402, 33.40747364136549, 24.416564358529833, 23.73223383673329, 23.9045301229077, 24.487348206990347, 24.395654619930976, 22.80812658857563, 22.201545159567452, 24.991157084588778, 27.099046010864967, 23.672303820568104, 23.484068742139396, 25.549632318856702, 26.08130708678148, 25.924463194476253, 22.011063195015264, 21.61621642064074, 22.16721487030493, 30.8962218791427, 22.86388859949576, 23.757792226763264, 24.02842615372745, 26.086775003599165, 19.67100343456718, 22.815376869322538, 20.390413502110214, 22.567422545509615, 18.0280730852702, 22.010506123335723, 23.494406860787983, 24.13836328881562, 22.220218919547087, 25.68398511088269, 24.496374071285913, 23.406997044260738, 25.285335966994662, 24.490463466520524, 21.261078636613174, 24.361220159794307, 22.08750385034164, 24.33254241992835, 25.361677495897506, 25.44406130263296, 23.685386093993248, 25.083731886978242, 24.696880529565547, 19.10563530042642, 15.618764855452953, 20.736652433335557, 18.242242893845507, 20.252167413164543, 33.766763588943796, 29.74722448575509, 24.813092724477805, 27.227246885631537, 28.272807366900672, 28.1832040442691, 27.728830185466045, 23.69690029463973, 23.750773240415228, 25.702075455546456, 23.085288569249897, 22.053548298440163, 22.727524134575834, 23.569561281173655, 25.407428975691136, 23.736702510762914, 25.255136305751094, 25.425085375274374, 27.4831699958822, 25.4693684862519, 22.818438944087077, 21.002258554888186, 22.53553339956119, 22.28502249873005, 21.885513429098246, 25.687806346115632, 22.692009125000254, 22.377236350921024, 27.60118673740282, 28.31241777918756, 26.12022096657354, 25.226340248697817, 24.967620509954237, 25.310836524456253, 25.686461420502237, 23.6055921771175, 27.306590026079448, 27.140773804863258, 28.05182076913762, 27.114212669340432, 22.951300057732023, 23.451373660718694, 24.53068901298318, 23.290906504545575, 24.430148898099038, 22.427299807828824, 23.65737753386626, 21.102840244616804, 24.086616053747182, 27.523930353236075, 27.24315692916467, 25.3444843232348, 25.063825263971577, 31.703121916498077, 22.82877960491355, 23.55663298333143], 'lightweight swinir x2': [17.725315102712315, 23.69010965172751, 22.013212269115947, 24.492418803102765, 20.307108713246762, 28.506827896949837, 24.865320461754223, 21.462904135162614, 21.88324123992782, 18.96778815003211, 20.703476125335357, 21.930910820356434, 23.739678399517217, 21.92276912310321, 23.01311525203818, 21.364169200956802, 20.245783172587878, 20.44270612406779, 19.194967559666892, 23.54034514291357, 23.942132025240003, 19.886188339155918, 21.563528977180138, 19.21764188443563, 19.067818161405825, 18.046797060370917, 21.223755229546004, 24.143162372783262, 14.502515733617251, 25.517976925764017, 26.085309180586158, 24.41741532395225, 23.990453921208626, 19.41935089861975, 17.845786063501272, 23.348081745031152, 23.761255429326226, 18.011892781228664, 19.82805332452587, 18.81552376435129, 17.73800972466423, 21.284540536327107, 24.781899805614618, 41.049972665022196, 33.32387884222853, 35.80286276844317, 38.54008567229599, 31.357177928842553, 39.32818876549855, 34.69799334954083, 28.072273908151036, 25.89940379844124, 31.775162617417795, 28.99000339497206, 35.16992745350673, 26.229003705608992, 23.75157772725872, 26.850670158771933, 28.027824109283387, 25.776008052346043, 32.06719281621478, 38.26395361498942, 38.18449444434521, 23.00892375550573, 29.23510091107806, 21.51734904402424, 20.52715676218446, 33.81943200856795, 28.692805757999466, 22.491187740523237, 22.139756411409998, 21.47501707910697, 21.448834121848424, 21.925061726712364, 22.266251179221577, 22.878809578700277, 22.86989056844441, 24.40850282769633, 23.20816119927397, 21.141924041178115, 23.50735608906006, 24.39845609350175, 25.386172203325902, 29.27942843552963, 25.80894640312873, 21.242617082292014, 24.39592507329528, 31.23130491856935, 21.61947535394996, 27.987229776372182, 24.493396018499546, 36.47165090541148, 22.55666903079404, 33.09281963139237, 21.48594449848929, 20.308380943638134, 37.05847740890464, 25.417261962561064, 31.917702538177775, 28.723518853942245, 25.51748440115461, 24.56308169802911, 30.213412062562746, 24.61071173349618, 26.58959766593258, 27.829150531391452, 31.710221580833363, 29.05809965622149, 21.644683189697027, 22.056060003623767, 14.323444654776054, 12.639381129987186, 14.188870083576575, 19.865213162022922, 17.90422058247714, 18.30124102609212, 27.21969270274494, 19.346230941247647, 22.64796135777481, 21.80550038137724, 20.6191274025185, 32.87227172092536, 26.03142861927101, 24.521119169315455, 25.40701510795095, 21.683624749588873, 27.761693455791786, 18.840949647627504, 20.983559594121623, 22.422583724592684, 18.367750420633556, 29.424019325125393, 26.625529934558227, 23.492705408541145, 23.77335675124938, 22.28133733682617, 21.183610174401764, 23.439884284476733, 28.083464480504098, 23.77495728820059, 26.657736532837383, 19.589610000771742, 20.59645686446703, 25.214007173080326, 26.828568480597568, 22.5290662120494, 27.91844310636851, 21.083105411850617, 27.697503377062773, 24.598578028309767, 20.272172967295077, 24.27651673959955, 21.792342417617924, 28.18744108722099, 28.007349551553844, 17.2568472647108, 27.132242620562987, 18.490051192321527, 19.145748029129255, 27.82321542164842, 22.828302066789664, 23.604295562101946, 19.052442587919444, 21.320028391323028, 25.252802767494064, 25.249088587153466, 23.274149358074595, 28.231886453689995, 22.455902049117626, 26.62746305934656, 16.16309144479194, 20.806997291195977, 17.53193639176797, 17.87003465546515, 16.722767626236482, 14.891218765013738, 15.299376970241752, 14.030297670353939, 19.246347332329762, 19.44556800294013, 14.590490010624409, 19.734247975447097, 14.361153216393753, 16.394544286388477, 22.76289282610712, 26.876766383238397, 18.066673499970385, 14.22306370315976, 17.526951537010284, 17.690492434958337, 17.600752144998005, 16.605287919313604, 18.488255806429535, 18.025212918666455, 17.962833394215796, 26.922479709821232, 31.31650852744982, 23.952811650335732, 34.72088582066411, 24.894874272666563, 14.247120047306856, 23.844201340138873, 18.302708170477718, 20.19824167545589, 25.488456118951376, 16.73302752245344, 21.618784942072867, 16.43322874271596, 28.568697049224475, 16.847545614874342, 14.998018510204636, 16.39978649391206, 16.821828730049017, 19.431162718554962, 19.89252844205874, 16.10952759755178, 20.300653898637997, 16.416976048293353, 15.891700894836047, 14.896910199958533, 15.677464901965655, 22.06842437551474, 21.46068814705485, 16.406234829772185, 17.394642585595147, 15.228808394455822, 19.71801079938651, 19.692174390904686, 17.20952381275431, 15.768141764690744, 20.874834029405164, 17.960352448935744, 19.889117778532153, 17.512233563426808, 17.422257418902696, 19.696214641991507, 16.919055983295397, 16.084335674023905, 21.66239208279357, 22.160022619555207, 23.866299330043766, 21.2495938144934, 19.334313738695407, 20.462386841558818, 20.789984085122626, 22.037048188398472, 22.00765143702501, 20.81258757135636, 15.395401940357916, 23.1541434690555, 23.667894368581045, 23.059925101208684, 14.839299504938175, 17.15876754351019, 16.082246080302344, 21.90611211580456, 20.702252907938778, 20.05100880733403, 22.739001789215294, 16.92781043220053, 18.02348166282165, 16.97932994076784, 20.363764696081404, 19.20254649574851, 16.584993567913212, 17.85034919136858, 20.33637206983841, 19.584274151933244, 23.75664466679059, 16.600352568214852, 17.015439464304535, 16.51129386653919, 17.444980822124002, 16.957635385077676, 16.493633245485007, 19.156327855366747, 15.120832777291929, 14.697516755541752, 14.798102657301373, 17.15812854496406, 16.369902269580944, 15.52973145949673, 18.325501700133806, 15.566057177598944, 16.139403679933842, 16.696868770156094, 18.06072446763295, 15.896316580444596, 17.23829790434923, 14.986595870089792, 14.823033560662463, 16.637599563032694, 13.766077472823099, 15.440286921034092, 18.917509043589135, 16.020156487653306, 15.012164371744536, 14.400850238827873, 16.16087780803082, 12.824999040652504, 15.355065820762611, 16.11623252563462, 28.254253572290388, 35.928949797458436, 32.47749919003376, 23.671411326379758, 36.399612443454004, 31.62038344975397, 35.11805861910023, 28.29506240318766, 30.751799006473234, 29.02762266482505, 37.593603800864265, 31.44754387304173, 35.31158218959451, 29.941229054479216, 37.42840623340521, 29.823794028850994, 37.50481073444486, 35.06498721646717, 29.136129751123434, 34.01534446346922, 30.800281895756104, 31.0981465577446, 28.956843674707695, 30.209580226462762, 27.171008983383487, 30.56106008211062, 41.34037008287307, 24.724421293757924, 39.457359831181535, 40.524557452181625, 36.58295161367072, 37.73139172589757, 26.289541459743518, 24.69603495152046, 26.577755777576428, 26.9318977442328, 28.3516292402688, 25.468447692949283, 24.487473004575634, 30.202281004320163, 28.18850091266797, 29.784287413237504, 24.17924477789953, 26.05124420425456, 29.367288237596618, 22.007723151973188, 22.18760404639744, 24.46247926117245, 29.195776123823475, 28.282875556563667, 29.523553945313555, 30.166112030200253, 24.40619156972037, 33.63472758222712, 28.4798698121063, 27.334101286534928, 26.961634907065502, 30.078860876793534, 30.058460907625335, 32.48543039371036, 28.516746181214025, 26.446465726468272, 20.83429861894941, 27.63693033694876, 23.108177940935434, 16.909890825891296, 19.488154805517432, 26.584191061257776, 20.686163396886244, 22.057100730590605, 22.50068909702478, 25.138188998295355, 23.57447794791405, 20.031035049693017, 22.078820265383957, 19.55252486711021, 17.647693124284093, 19.41859689780951, 20.952873950917308, 19.925289325019047, 19.716338884210913, 25.17127596264061, 22.888327208226578, 21.534611181883548, 23.2493483146786, 27.353399216910788, 20.726080777566686, 24.23138895028542, 22.824281158097413, 20.584496238095134, 17.47049949122254, 27.716628434026696, 15.828056915793656, 21.202248942856464, 21.77197551102671, 17.56157284854543, 17.424583929062926, 22.13995154299336, 16.468733057808237, 17.742989647777993, 22.45850339697745, 19.44727824193128, 17.980352809507597, 22.32986093460645, 18.417537004826865, 19.670985799951964, 21.93474232850809, 21.074051608211853, 27.480520241575512, 30.546876734601693, 19.75727649682845, 20.926801016039107, 16.21053477720934, 16.897256681077607, 18.147634558362512, 17.797688182026835, 17.48547666104033, 24.519460709233314, 23.422004928304318, 29.967727859894453, 22.744933359785705, 24.70868791886424, 28.13889045814303, 28.920356443847876, 27.263675984208643, 26.34415222583879, 21.860962378972083, 21.832256832558276, 23.7545577228273, 24.446614665817613, 24.541224328736742, 26.962873409484555, 24.057474323003184, 23.55201882906362, 29.996673705332498, 28.53683627043571, 29.853308517005864, 35.42916355084327, 28.988792293330597, 29.815230591125868, 32.991940100003056, 29.696085892641513, 34.59483882329223, 24.675890896968134, 22.113351238915694, 30.186517655784293, 32.44247227977288, 35.687633731400986, 17.20932813662953, 18.19229209169369, 16.691349409085554, 16.543315679679665, 18.721172047210608, 16.599643088706316, 15.34542412509828, 16.960592427457485, 18.36489750051627, 19.018778590958874, 16.82163629810366, 19.093862733920282, 22.483919688696897, 26.353857145232364, 25.685722254177605, 16.38134193258147, 16.288979962324266, 15.585427303948624, 16.05671805079322, 15.85645210023986, 15.415192174847608, 16.681837359528217, 17.949518039546675, 18.698639343822347, 17.7179598610023, 19.62383080990333, 17.988090354077823, 21.429787586903927, 20.713433394274738, 19.253112709907732, 18.630048309047073, 18.7276448232523, 17.96894427764524, 20.20184295498856, 21.801814091034075, 17.263112219355964, 19.17643449090874, 21.991219522289455, 19.505214878544376, 24.02260257667009, 15.809925376254789, 19.39798029319681, 24.245927684718605, 27.698363162700936, 19.999957743891123, 25.31145066524248, 20.094950275240144, 25.49326931606954, 18.273132757885673, 19.694531814077457, 18.372621464754225, 21.534288921970607, 26.80157894281991, 25.861757259569842, 24.24007543296968, 23.92062014219091, 21.069393851774983, 20.480288121337907, 23.202610031846934, 24.32317272522144, 22.193810603376612, 18.681890204921554, 18.269433259343586, 21.776336101537627, 26.361599115658553, 22.984660020650264, 27.016120592615515, 23.962194404659055, 26.04524702637644, 26.771163201347555, 16.07761897293859, 18.9569049282648, 19.933522974264328, 20.378160038772105, 19.54429162036631, 18.8462591571857, 21.624552107718607, 16.339822072570517, 16.808989233364983, 16.97977926316874, 22.428299667143, 22.00812748384456, 22.463186274821485, 21.998104341136376, 23.1462842651643, 15.174704877540709, 21.91183037631934, 20.000024093525212, 21.77795278279854, 24.183448793648104, 20.891955998831087, 21.87723862352833, 23.865590284340886, 24.548008271476473, 19.669712060383752, 22.27475970287253, 23.264163701513674, 20.109385350465384, 19.888603622506455, 22.926327842785096, 20.2244445129898, 21.17120545974125, 23.744393511611143, 25.776429065026335, 25.324903821546737, 23.27583352873448, 20.358282540925543, 27.519760300409857, 22.821669896318667, 22.165411760512814, 27.579536532067117, 17.215178246073318, 16.03006527531875, 14.494799704983413, 21.69427359253277, 19.129351862870692, 14.933240943561302, 14.867715144423927, 15.818913764334393, 17.42914913586475, 15.812955592901147, 20.37875390348337, 19.156595356415256, 19.450651822535537, 22.569435357237616, 20.869346848809034, 19.22346811271854, 12.185577650910188, 14.830372539794466, 16.26817217414162, 14.028670565316116, 14.007560808237358, 18.35205382080886, 13.92030644535245, 19.433565907844073, 18.79558843635533, 15.288497893135894, 13.25957905752987, 14.06404520080221, 16.640954162494623, 15.591874966795533, 16.25447672448678, 26.86852313114067, 28.49422994442177, 29.530696516527414, 28.638522779298796, 32.020445118756484, 20.22227732713592, 19.602312134597398, 23.012688413550585, 22.23292247208914, 18.368109930187014, 18.667885622625413, 19.555053622654274, 20.492469488444573, 21.286189377494082, 20.99623302736909, 18.800402725560236, 26.034742796344364, 19.519213685208754, 17.826186258835293, 17.61953595527921, 17.101343544732064, 18.897229531278533, 24.32117222857196, 21.942729836626725, 26.520217413877457, 23.35254931330497, 21.7241133789943, 27.379861099123257, 26.960408920035263, 16.974990767721007, 19.662611886364118, 19.972518693027887, 20.041583631238282, 28.196181788048236, 22.232508087515814, 26.65702277848405, 23.237625229486277, 22.412857071331942, 25.14965282229136, 22.014297844972393, 22.626005375847246, 20.68967793058531, 17.97298853211334, 24.417277936621655, 23.205853154227277, 19.137261441449333, 19.667096611829567, 22.60957738884023, 18.836358390263925, 22.28822615264098, 22.925710383365363, 28.90904460284836, 24.061181154201023, 22.615815357497908, 19.81867450982502, 24.066445040635127, 20.12112709145145, 19.09377614219078, 22.130302230384082, 19.883255257654692, 29.347188117613324, 18.178243621532154, 21.38942945574104, 20.055689147226822, 27.43954669123029, 21.414650790952628, 17.39597893282713, 18.09597481103602, 25.270899006338517, 24.516290315016533, 29.305737159781696, 22.390613693710513, 24.01560357381044, 26.87466784729007, 20.706984740983923, 22.635109189133374, 21.51295666377107, 22.508259456243724, 17.843538537385587, 23.792058449973297, 19.203099155152923, 16.611039701147103, 15.272977986668295, 15.446323420949494, 25.49813259609217, 21.303011917866698, 23.82558676419031, 22.507740909987067, 17.2491460262828, 17.00833859160206, 24.6772888297934, 20.347105987241925, 27.07206609056248, 21.11571047583975, 27.061631799947307, 25.552679791292192, 23.82615603162295, 17.073318233083846, 15.295918317510884, 18.615133728178975, 16.406135182409596, 14.160085558627642, 19.350387674288363, 18.809348707479337, 14.082632249183717, 16.522092129959486, 16.355570569682165, 15.31545704915187, 19.32858695902543, 15.797464021398124, 17.519103694171974, 15.776230464950947, 22.576972302051285, 14.56130757333943, 16.340499308448393, 17.216910999193246, 15.21775075617944, 21.730840400460437, 18.243072470496983, 17.900778716317586, 19.72622365272731, 20.998328996710562, 17.57505406446286, 17.21554994695355, 23.04828160305184, 21.42837325252288, 23.55844888665663, 23.831255649640678, 18.69162038530319, 20.739468973552984, 29.344072099471905, 15.890798336730597, 17.418304040097144, 19.303657497369578, 28.588898894590354, 17.445526089536738, 22.124230227973435, 19.17603920185176, 25.16463539943524, 15.475431905196205, 18.12452385759254, 17.59430204823454, 14.9121331262172, 17.410294266460284, 16.626724711842556, 17.610483624197936, 19.418036667224467, 17.395751005562936, 16.042996523784907, 16.48606789483299, 17.135318064219312, 15.438898906002922, 28.338636294404004, 15.119076165673464, 14.517503277090803, 26.38685612683468, 20.608184807972133, 23.750320374147172, 22.102041476819686, 23.03167513398727, 20.89808966327041, 20.970324130879916, 27.581752507865907, 32.80644755986793, 27.309560211097292, 23.867150470300658, 26.73668829717956, 28.050472274775483, 26.711519747008698, 26.79702267026512, 25.84797290059859, 25.73895086213057, 22.673509978775254, 26.489776296918564, 24.206005651751905, 27.269413790675017, 25.973633685833377, 25.347718116699465, 27.852791548180193, 24.740814450247154, 20.410515776746834, 22.23765809191164, 23.872936542199746, 23.829975541810708, 27.648476260589845, 27.888161955898507, 21.309738408344316, 20.509116436227792, 25.601987822318712, 20.348730063442098, 21.38169427556697, 25.785570783362143, 27.07095909293871, 26.054680323565446, 22.658220339191807, 25.266681187531567, 19.349232709306115, 21.898340739675866, 17.34984614732208, 17.28547814108294, 21.63062324411225, 17.53149907934692, 18.069808185618644, 18.034831931053677, 17.153046056526325, 17.11611658055792, 17.74164918811366, 18.61403397247059, 19.897227079044377, 17.829148554395573, 17.22827620194062, 19.163002999280966, 16.75970497730761, 17.938892713119895, 21.70363158277176, 16.47043787209605, 23.461114306764973, 24.85541828448813, 27.90667421914691, 24.88219563126112, 22.91068066838251, 18.72730961758232, 20.749397080726855, 17.671719582069798, 18.0591429225018, 19.120107918364127, 24.414234572739403, 15.78314113201661, 20.24523431003413, 16.098260143912782, 27.31951138659514, 16.280693163783518, 19.588035345364876, 20.892572447348456, 15.965554843615465, 17.563574027872587, 17.270564125948088, 17.54735211041129, 19.07187900430456, 19.38935132603205, 20.72506345677409, 17.54166893828384, 23.63972291220118, 21.286996391960198, 19.37744148514205, 21.84471297422504, 20.701420090290775, 20.719857776739925, 16.92350588374063, 18.22720424247776, 19.43674397502379, 19.245804945039925, 18.08846240546697, 18.91895513485363, 18.280828194117063, 16.51368539082195, 21.787302571779698, 20.028450205405495, 18.224184045303083, 20.59757809263319, 18.420486647448175, 18.32270098121487, 19.902735254889386, 16.049503940080076, 26.506817863111124, 26.947484395488036, 19.384648415102067, 33.459261738214295, 18.555332162038404, 20.354004899336143, 16.331507410428483, 22.646742597224303, 31.265953614472124, 22.018694797984487, 22.161675666858187, 18.61216928518873, 19.79674879627744, 14.922319173810084, 18.52501404611108, 16.885019407371466, 16.35047402390573, 17.78539351179812, 17.010895720037652, 16.156162345510317, 17.04317765440324, 15.679139716290276, 17.435145036468924, 16.874090553532863, 15.877765679370741, 30.71811840529786, 16.45401161173789, 14.130316572708601, 20.258414071751105, 23.316639322983036, 17.49496687775999, 13.755514751225867, 19.451713688995316, 21.070548157047014, 19.120879207003938, 18.64817786714463, 19.2125678391886, 29.317077891377256, 19.479669558782778, 19.74984068138205, 18.97727557715379, 19.737853530521278, 21.10060089721719, 18.116279166807075, 17.638306081418268, 19.754924621108334, 22.63487364654639, 17.74536369747715, 19.380473672138876, 21.527649106534295, 22.44978320780192, 21.068686669356534, 17.545802449613383, 16.382382766862452, 17.828048925199486, 24.438557753812056, 18.15761928289176, 18.93938593108601, 20.355994873109733, 21.670643367724054, 13.675276459890783, 17.74993343964566, 15.175596738488444, 17.921640576217207, 13.576624530530355, 17.852121922858203, 17.856169003244133, 18.391032038130923, 18.211792945496782, 21.55149637881992, 20.462781164780523, 19.418663665130715, 20.041212586962498, 20.516770243567706, 16.79657725216636, 19.47017265454583, 16.612364194815527, 20.170763402360855, 19.262522704433305, 20.27296068338945, 19.285092310907473, 20.606318987321053, 20.117128276824126, 14.395117775489723, 11.658476914160998, 16.166541693521392, 13.115456356832599, 15.33898214193914, 28.984322349934573, 24.728906688870893, 20.225588823099105, 22.40888386012111, 22.803287472273258, 22.95365702226562, 23.69343539497727, 18.605871800321665, 18.781492806851084, 20.660117021665837, 17.95510230309921, 16.5391821314227, 17.730825095534975, 18.858331400145858, 20.847127392189883, 18.766906696439193, 20.828726675496263, 20.74022092127639, 24.192323201883067, 21.317517405725532, 17.249730051610005, 15.456185986649968, 18.160617807867318, 17.12483366991613, 16.73623213286185, 20.89304643454171, 17.36102028127567, 17.054006004832388, 22.43938586820944, 23.964356181468098, 21.66095125442069, 20.366031917767906, 20.54256925256364, 19.85693814156827, 21.083324770849288, 18.01762058309602, 22.011307629133874, 23.255326780341736, 22.999899926373573, 22.600013982077236, 16.85618374678042, 18.7929066164928, 17.770492778315152, 18.535903590987928, 19.351317128624363, 17.25170086852543, 17.665226748258007, 15.71155177267956, 18.851768955739217, 22.868483849906834, 21.069463095427892, 20.178149748725566, 20.05487775807877, 26.605411972086678, 18.321661427106676, 19.060817634969208]}
ssim dict
{'espcn': [0.6789145316867001, 0.7848639458308155, 0.7497188932623601, 0.7955097138649557, 0.7345900890827315, 0.8605748219291888, 0.7399610968988654, 0.7303299805295118, 0.7968799655052428, 0.7240106282347502, 0.6470384052020105, 0.6663311708788624, 0.804245789302854, 0.7498649976534585, 0.8009593301234992, 0.757239276160387, 0.6959486086446119, 0.75928812583999, 0.6564691945537783, 0.7676167803618964, 0.7753937055193033, 0.7815875298742568, 0.7615972958649997, 0.7805937849860558, 0.7599381513752045, 0.7163701520453485, 0.7868443648915667, 0.8321603723615484, 0.6443926002070629, 0.8431978621225604, 0.8431282686809765, 0.8448576322429817, 0.8137275010422195, 0.6687746236015005, 0.6883666398078605, 0.7510082595077539, 0.7841668678309309, 0.723557348013302, 0.7619146627034616, 0.6608318333403453, 0.6945089689105364, 0.7538701516953448, 0.7537578954866291, 0.9761657110509316, 0.9087489903324913, 0.9248492073584448, 0.9500327365648116, 0.8543262014968241, 0.9683226670064597, 0.9217443898068481, 0.834543901993408, 0.8033002734285472, 0.8776451145067151, 0.8782126866289207, 0.9211331567036919, 0.7148827887722295, 0.7107922010272951, 0.7785159470571544, 0.7935540670012231, 0.8035863343412536, 0.8964735855077041, 0.9518925966776903, 0.9487608656302743, 0.5872254493148128, 0.7912698984812211, 0.6174274812595331, 0.468490011198359, 0.9137471002128253, 0.8861170751881389, 0.7367153236328168, 0.7611270729774724, 0.7512242116686294, 0.7573007211893238, 0.7676317420441455, 0.7701128161005931, 0.8066402768011695, 0.8060391455573199, 0.7969063856443814, 0.8356706961859972, 0.7681925301297631, 0.8181201791660981, 0.8626119296105151, 0.8648597858915689, 0.9291268790046583, 0.8864945627972673, 0.803992352050004, 0.8698592791750125, 0.9203021689729597, 0.6814193461620273, 0.8519736092356937, 0.5311548130067704, 0.9609947433767693, 0.7904166417944936, 0.9489964664331024, 0.8292291149352611, 0.7347558426228753, 0.9561860772837867, 0.8528469160554049, 0.9240721565702343, 0.8817243075216848, 0.8098349003586509, 0.8102516966215649, 0.9292209228820452, 0.8670689702103084, 0.8239059972490448, 0.8560384499582064, 0.928248609411237, 0.8721037888637089, 0.8337937560342986, 0.7172765881266803, 0.5048499297783475, 0.42353816180272746, 0.49988006081326686, 0.7170960318012276, 0.6318360747904035, 0.6857221956180404, 0.7589016530467761, 0.5628678167251124, 0.7996222020289091, 0.8091005102140888, 0.5622156364347476, 0.9515737443244165, 0.7595433400210015, 0.6798727112166599, 0.8651156004685553, 0.8602783876477152, 0.9015106560159998, 0.5698395971012141, 0.8369644367258956, 0.8206940378386804, 0.7514775056032708, 0.9349898023134998, 0.9050418963188468, 0.8309570130093215, 0.8160685740861429, 0.8013510622885098, 0.7677614631893779, 0.7794801774788496, 0.8867696159186989, 0.8596300741320556, 0.9155854615160554, 0.7561337844182033, 0.7644205828114381, 0.8636919409112417, 0.795629785789458, 0.691475068113289, 0.8525241355076408, 0.6923206682034088, 0.9170608028102022, 0.8783791034718461, 0.8247547509579831, 0.8327109895031263, 0.5948748125917763, 0.8914085274009524, 0.892344915155547, 0.7354089166588336, 0.942398914784694, 0.8205282684341282, 0.7960571120308046, 0.8343732364121721, 0.7209086050926895, 0.8785470717639655, 0.8570241373732765, 0.7334823974067601, 0.7982127341724325, 0.8919964950703055, 0.8286430499826808, 0.9335581578594834, 0.6362893494168456, 0.7622420368988558, 0.6854137397531426, 0.7515676048222105, 0.6814141550147573, 0.7917247145685306, 0.602018525731875, 0.6234122601030255, 0.6247076366548103, 0.4661234081900803, 0.615823062954367, 0.7810309061342722, 0.4800469523390378, 0.7396161099977238, 0.6335160593284499, 0.6108875998670344, 0.8053640184153184, 0.8977065925070177, 0.5906637961063559, 0.5317109755643595, 0.69944254740006, 0.722780462784081, 0.7119224450582369, 0.6958888266043153, 0.7075382607330544, 0.7195466737365479, 0.63562111587616, 0.825319824513752, 0.9390510709458202, 0.8366928687798372, 0.9500797827631734, 0.9007378341405934, 0.5602790658795899, 0.7718964817737904, 0.5954544861361873, 0.7155338485625578, 0.8402323626186463, 0.6276606229731171, 0.8002777753895695, 0.5971311073069533, 0.8835746233813816, 0.6838964459765148, 0.608494081584211, 0.651028539571644, 0.6042481626528782, 0.7449334479383097, 0.8076517641566403, 0.660575810836595, 0.7583165594309325, 0.6277458869886745, 0.6405403228365236, 0.5455857004720651, 0.5198589401531019, 0.6442706059325757, 0.7998727037320869, 0.579931969930877, 0.552089408062491, 0.5253733581728502, 0.6585073912973896, 0.7210186922702055, 0.6141601025203323, 0.5554726785719551, 0.7909094821000616, 0.7056527806592489, 0.6742255801511012, 0.6535047871500143, 0.6318882435440867, 0.7149764818823515, 0.7279019629170376, 0.6252113570909525, 0.7609638821121306, 0.758370027409971, 0.7699934483361379, 0.7855720325638759, 0.7161573055327027, 0.690448756204172, 0.6940268420897665, 0.8281853566333638, 0.8155258817132124, 0.6561026031030092, 0.6103991500566351, 0.7146487956637249, 0.8487542475214587, 0.8127775241228771, 0.6493281925968424, 0.6911762654394173, 0.6736095847064267, 0.7852894453804903, 0.6987254503913395, 0.6247622928875777, 0.7885780367227537, 0.6679763175760475, 0.6022238193693098, 0.5701219510535558, 0.6538211842669033, 0.5926644059524679, 0.5486375057239592, 0.5331781111266263, 0.6680583708386393, 0.7054252838053992, 0.7800004940510193, 0.5429542225694065, 0.5505332499225339, 0.5734367139180758, 0.6010626625341268, 0.5930819088022955, 0.5515029807900748, 0.6922719114495132, 0.5246910029166075, 0.5258452986087548, 0.551444909354868, 0.5874626175584946, 0.5364344864278195, 0.5930011438038459, 0.6225163140752498, 0.4892954583235064, 0.7278363886248959, 0.7120183751056319, 0.6618364385421494, 0.6231951598557435, 0.7484053949345761, 0.6090076786967801, 0.6313496138691872, 0.6458989315162171, 0.6487783932190022, 0.6035076711200491, 0.7237382369056903, 0.5843085398610665, 0.6234227767471583, 0.6211066124223114, 0.640436433430875, 0.5253332859217004, 0.5857965456611561, 0.5669893847838503, 0.7710547489316806, 0.9187562160097494, 0.8325099106616217, 0.6090590447705102, 0.9581088757229539, 0.9162353054731277, 0.9492203869040124, 0.8817085367819303, 0.8561015202073682, 0.8442369723582821, 0.9599946332952074, 0.8930146667809578, 0.9224117812088815, 0.8749421869826816, 0.9602186380096464, 0.874888498914361, 0.9571662299620316, 0.9501891361588618, 0.7925314887546657, 0.9199092004962873, 0.9004793066739558, 0.8837168981877475, 0.7163924946384277, 0.8431702725248214, 0.8253535724313934, 0.8965836656195931, 0.9806965267958726, 0.8060462588961118, 0.9619189302157015, 0.9651511512708617, 0.9532173150298601, 0.9498846613088333, 0.8197520847402364, 0.7792457377232698, 0.8578098309901091, 0.842691383852205, 0.8852372833207007, 0.82077372681251, 0.7274764794357131, 0.8571679516728128, 0.8740232317689282, 0.8677773195964141, 0.6652977892570942, 0.8785908716892133, 0.8990908989396041, 0.7623247455695592, 0.7555304174871712, 0.8415916816851242, 0.8705126550401655, 0.8458946440778798, 0.8675310465416098, 0.8623507060555441, 0.7492546620683197, 0.8939570736033673, 0.8801555833075703, 0.7994078407148891, 0.884455266944408, 0.8609400031441271, 0.8526905955841395, 0.9182138863732838, 0.8109926356043565, 0.8274512496989747, 0.43923152480715677, 0.6877471405813098, 0.7818767478472997, 0.4312638982822672, 0.639358876629112, 0.8313904815269703, 0.586799324683642, 0.7678457934195075, 0.7004673965613784, 0.7826360345843205, 0.6657128419287002, 0.6529288525836768, 0.6512333539235818, 0.5437255654644658, 0.606818213497577, 0.5523736275239989, 0.5322810167618548, 0.5723189610835346, 0.5062967634173207, 0.646610165156696, 0.6576556592678976, 0.5276876048632054, 0.6803969754074295, 0.722600910869528, 0.5212809032427784, 0.7074273756034333, 0.585616542861052, 0.4887911507395587, 0.5972593666159973, 0.8318211414515527, 0.6501283650112709, 0.7246726679495732, 0.7467226700647911, 0.6437647494602848, 0.6405951647907694, 0.7946444440914718, 0.6577006323714791, 0.6103768521533315, 0.7865288194190116, 0.6100808366791923, 0.6276491265226394, 0.8492689256965958, 0.7192735807683447, 0.6801838233918456, 0.7473359156630229, 0.7266835891196247, 0.8736078297018322, 0.9222688427737733, 0.7145229618177683, 0.6704213637277683, 0.602609087920102, 0.7226576403521398, 0.7363315402734941, 0.7221358686324801, 0.6528583659391937, 0.528243826837635, 0.5760943333648373, 0.7663668048253915, 0.5265487586657116, 0.7886131668324011, 0.7882136406682027, 0.7566441927458201, 0.7193326667362065, 0.7294772550275919, 0.7372955341405086, 0.40238151571786834, 0.5403443718544633, 0.7351115459301011, 0.6468395808128109, 0.7463039093834085, 0.7318765322307091, 0.7751524582160116, 0.7681257198876721, 0.6986943195643431, 0.7881233321093787, 0.8870744347770698, 0.751337476051739, 0.8696976977604203, 0.882053219173831, 0.8039878071980948, 0.9095891245797695, 0.5395376533665546, 0.4338027508245749, 0.8945372104001986, 0.918066981656709, 0.9492824507628503, 0.6361075177362934, 0.6725687777820444, 0.5803462286775847, 0.5405476101898432, 0.5421841869499149, 0.5985389729682659, 0.5715692795680574, 0.6063325912781249, 0.5988567757238105, 0.6185764444288496, 0.5627102540431578, 0.5664483600838156, 0.7626339275490939, 0.8672631928134378, 0.8750307186047841, 0.49103525727033503, 0.5922095775566296, 0.5631896809855221, 0.5931581665043478, 0.5684419117330093, 0.5854460950041507, 0.5567679051890068, 0.5765490397794641, 0.5292113333922617, 0.6377621937350293, 0.6385774847497029, 0.6415051195324942, 0.6195143311605225, 0.6664297316411711, 0.6739634417948611, 0.5991307681497905, 0.567116398645771, 0.5227011460701035, 0.6338027291077417, 0.6517908458773074, 0.6619724038879946, 0.6876945813513777, 0.6445658313638545, 0.7090283995587384, 0.6749637201440218, 0.5460900494210845, 0.5285401994345951, 0.6986060807538013, 0.7687103519876731, 0.6519567082561712, 0.6726013928464754, 0.6041339982429368, 0.7453754371696697, 0.6728259643605808, 0.6869182948433431, 0.6183109543264722, 0.7265833470620857, 0.7868310993930128, 0.7437849234757121, 0.7903976000060358, 0.7592948886123022, 0.7230731093027888, 0.753214049747466, 0.7435553222219518, 0.6897233459083859, 0.7297977982108589, 0.6623635615946544, 0.6697680932816914, 0.7143424694600037, 0.7234477667252217, 0.7075611544132168, 0.7408335942849231, 0.8223084772673958, 0.8622116124788475, 0.812832535403908, 0.6300148942771677, 0.656543847678768, 0.6811301206372486, 0.6736530066079074, 0.6636442676499488, 0.6576060036903122, 0.6806190372614609, 0.6161620409754898, 0.6940690125181823, 0.621171464238212, 0.7263791341422292, 0.7281271221451722, 0.7580627670143646, 0.6853442784791464, 0.73276415970758, 0.6156013219168776, 0.7226409214087816, 0.6621655971269342, 0.785641581630041, 0.7664955252621359, 0.7043211683419427, 0.6415534003457812, 0.7309869102689304, 0.8445780369775503, 0.6742708997560016, 0.7034215425703859, 0.7318731958767272, 0.601079921549211, 0.6698839861899772, 0.6990501025359066, 0.657259158715307, 0.6935820596753219, 0.7715852834045485, 0.7941715149569119, 0.7768330114562677, 0.7098463043060114, 0.644167184168111, 0.8320069478019857, 0.705758690096381, 0.824121894542167, 0.8892180050270112, 0.7404153601793297, 0.6614068225244324, 0.6423702860331675, 0.8194181962133417, 0.8063367090093198, 0.6828642001424077, 0.7070637571557445, 0.7712616264036851, 0.6692549366489298, 0.6401965705018435, 0.7983045582227435, 0.8029754208730207, 0.7512128679087922, 0.8012031217149749, 0.8393204289477303, 0.7310683681478015, 0.5762787678580563, 0.6319256711655244, 0.6242501437596463, 0.5928760464562186, 0.6084227422754429, 0.7777112502400206, 0.605209316377639, 0.7882833180905559, 0.8464792880017704, 0.6474035035620871, 0.573744686163385, 0.5848046972058439, 0.6947462877282771, 0.6956999069578559, 0.6437367589576236, 0.8611087389649471, 0.8924151732312965, 0.9306423187045358, 0.893491134464406, 0.9171348688331856, 0.7507381005604237, 0.7221823821572584, 0.8008945943999334, 0.8803184333674886, 0.7819773878141772, 0.7643090612832382, 0.7257769956858678, 0.7908056086661887, 0.7967297205167723, 0.7450082325802698, 0.638980439043422, 0.9007642672356879, 0.7282514490569995, 0.6703991305575274, 0.6217185046375658, 0.5812572883818751, 0.5520727673650823, 0.8891010591478782, 0.8004848902518515, 0.8381147533938991, 0.836653595413463, 0.7709611859158086, 0.8362736381626006, 0.8850240259749803, 0.6280527026908325, 0.6910852251393086, 0.7224182826678762, 0.7344252091207039, 0.7978160354973612, 0.7163322918707585, 0.8588069329516894, 0.8040759833430452, 0.7647465981469447, 0.7561410772421084, 0.6748298990717307, 0.8439280970778141, 0.668703501428029, 0.7125313051641535, 0.8600707162326406, 0.6662153183286847, 0.7342144280195663, 0.7148438272427355, 0.8258541084859933, 0.6852438619271733, 0.7152224417726076, 0.6770206054183735, 0.8872088068914301, 0.8095112528204934, 0.7234191167634502, 0.7340508767111178, 0.753716913541174, 0.6640090803381088, 0.778283137991908, 0.7348251235644422, 0.7898091734900496, 0.8734819749657269, 0.6898785002476336, 0.7710838175480147, 0.6368967751844445, 0.810142710946453, 0.7598231581060042, 0.6553713134034692, 0.7479090475967681, 0.7420910738405017, 0.7830681119033566, 0.8161503714475656, 0.7364790808707432, 0.7714296187330224, 0.8560986522286378, 0.5469862997526519, 0.7796372615325514, 0.5398432886103502, 0.8158830409417921, 0.7331577482807382, 0.7761983937158506, 0.7728312514461825, 0.7938348549839255, 0.6472116762454506, 0.6848980721163129, 0.8601795339251506, 0.8098281723131581, 0.8406698997801546, 0.8734051075440513, 0.603468280202383, 0.6987632521622641, 0.8445250499665566, 0.8459459939110812, 0.916294328285823, 0.8492908618522672, 0.9056832426852413, 0.8807611410581264, 0.8371239228192152, 0.771333055943707, 0.7213423358454721, 0.6487881978304193, 0.702041945314593, 0.5904518301761678, 0.6214950601679649, 0.8317629687925451, 0.7140928455554655, 0.8234909500763058, 0.7631154507214737, 0.7184527958979853, 0.8286763792578283, 0.6751091537654691, 0.8236977287844751, 0.706075598078322, 0.8692758432396884, 0.7569705738365324, 0.8167291607031842, 0.6330615112841014, 0.6805940054343151, 0.6846064283345875, 0.6385084861193806, 0.5678059781435084, 0.6001195907723266, 0.7416625749343366, 0.6423548337594409, 0.6619091168702456, 0.7334252944259618, 0.6684003254592252, 0.7802367687819416, 0.7634189991072546, 0.6450847824676992, 0.6648417338262217, 0.9125938245125609, 0.5055444711974283, 0.7215551947681963, 0.7008003099894466, 0.8673969069335584, 0.74195634232751, 0.6714326883062628, 0.6535413147742598, 0.7322588588846521, 0.653061997153228, 0.5425180617279229, 0.662008228972166, 0.6755050082298031, 0.6300466479156793, 0.6130007286155086, 0.6054346494754699, 0.6591680890587328, 0.7080508703359825, 0.574550435434336, 0.5877858274551244, 0.6125428825854563, 0.5813905944585229, 0.8613653163284754, 0.6028244776476547, 0.5125932637101448, 0.8202162383340695, 0.7059093125042305, 0.8054716827756343, 0.6720778808781376, 0.7769958850314125, 0.7580820430887758, 0.710689637726129, 0.7993683945697346, 0.9174373942877141, 0.9018762384056922, 0.7387304945446527, 0.8040385238668983, 0.8951884462277783, 0.8277386640795146, 0.8270907569317947, 0.8135011097423381, 0.7718027434709445, 0.7025660226669428, 0.8100497316229233, 0.7419505026634293, 0.8027319181972993, 0.7880603340822547, 0.7499677956184242, 0.8407222533279527, 0.7495910651357074, 0.5769910938981095, 0.7047243503973536, 0.6434918824649289, 0.7049461667746705, 0.7330280144195044, 0.7926639504814761, 0.6203731858407241, 0.7095894576923257, 0.8122086914578468, 0.6549815716993544, 0.8195766132632305, 0.8068116177273079, 0.890588838730221, 0.8302103027073103, 0.7266241789897272, 0.7943647920193827, 0.6387214036420116, 0.5173660038712886, 0.685218558517465, 0.6618040379449636, 0.75944368813894, 0.6619430664713954, 0.6875542503912311, 0.7110408568963986, 0.674189288298217, 0.6732767448377818, 0.671119144978459, 0.6480041691264531, 0.6754725324254844, 0.7058196957700648, 0.6373364538912891, 0.764397224186467, 0.5522014549240977, 0.7130837419411596, 0.7452989000850535, 0.5813870532979233, 0.8033636933546644, 0.8129868689366322, 0.8900156640833191, 0.7991098704425404, 0.676359388521926, 0.5997330772118562, 0.6645523505116542, 0.6041341937523075, 0.5841589033825543, 0.612657378041426, 0.8352491355442518, 0.5587014311406805, 0.6753782053675359, 0.6711274727231027, 0.8706347267199235, 0.5695005764556095, 0.5124996345520084, 0.6932513213649988, 0.46580431119038246, 0.5478632776956507, 0.5657830329939562, 0.5689110529754475, 0.6235885809495172, 0.5535406469897017, 0.6584001934423545, 0.5055799660881669, 0.6805375338461734, 0.5426183094288963, 0.6311783124177898, 0.7235497439035268, 0.5534328833557834, 0.5322648707899417, 0.5013758272964708, 0.5436135810492575, 0.5299289211743156, 0.5561389177108477, 0.543539857587006, 0.5563637688888676, 0.5393807478890635, 0.4410250885778747, 0.6210185594756761, 0.6402266119163955, 0.6145789567711283, 0.6165382103923521, 0.5722585815134652, 0.6334289581440421, 0.7413372691776915, 0.5131911169012646, 0.8509508714539566, 0.8791049750599969, 0.6690778681420928, 0.9380936893359666, 0.7241548818600879, 0.6400022352378234, 0.6079848701585399, 0.7802721735143442, 0.9201000149773824, 0.7932504091977055, 0.7867988731841898, 0.7606513744925383, 0.7949121876186837, 0.585292188288658, 0.6658255440738051, 0.7099400790933279, 0.6298746639131525, 0.6432105320018162, 0.7611372648291614, 0.6912084357186925, 0.6659924375165349, 0.6463561562178004, 0.7620070956600451, 0.5011705373912779, 0.5135355787997223, 0.9015004926913929, 0.5193063003803301, 0.6086989948515829, 0.7024047066499894, 0.7302188291223702, 0.6922896602341263, 0.5364727929764628, 0.835406701228012, 0.8258749281712874, 0.787374171633054, 0.6760103723353598, 0.7559865377791969, 0.8992504393463601, 0.7449417528386475, 0.6077476545447268, 0.7130604382043448, 0.7460161656828382, 0.654039155481261, 0.6588827254033679, 0.6889918347602929, 0.7406597481357925, 0.7913205969264857, 0.771577685921855, 0.7216969416092185, 0.7019121961794362, 0.8136825126887938, 0.8039007654742578, 0.6551252558631757, 0.5896270972088185, 0.521498744253768, 0.8736573873575724, 0.6935024968334302, 0.7162582928016582, 0.6652531197986717, 0.7157150784773775, 0.612056838542795, 0.6462596439409666, 0.6058806908237833, 0.6577531322903453, 0.5291441062917706, 0.6512157063099474, 0.605080516024, 0.7291807893401098, 0.65676794884025, 0.710586241706848, 0.6640096258278781, 0.6745588244375837, 0.7260197145506933, 0.6770231057279329, 0.6136525373257014, 0.7191589547369005, 0.6310734162185498, 0.6488343062042279, 0.7458538720007554, 0.748402438558974, 0.605638823530935, 0.6711671148831997, 0.6669419475181775, 0.53652823358977, 0.4944140066557751, 0.571448592211065, 0.5357943734059712, 0.5547361022412416, 0.8887096025018205, 0.817541961395864, 0.7058510295159476, 0.7411861528080402, 0.7548952567016539, 0.7482934684169441, 0.7184687559235086, 0.6344944385830364, 0.6602873446196879, 0.7147006323069223, 0.6790788415896706, 0.6714542215549157, 0.6510787204464816, 0.6376260025322996, 0.6513836238157517, 0.646607412268887, 0.645048679453022, 0.6765586823126989, 0.6671055459594247, 0.6681241816729862, 0.7266345048355818, 0.6401602714676647, 0.6013753627371023, 0.6252452602564927, 0.6436053290364908, 0.6359202285055686, 0.649478310710443, 0.6242584452969756, 0.7610793334181389, 0.8081437341983839, 0.7307565616022489, 0.7470256726020732, 0.6099632836569396, 0.7020530568854239, 0.6041633189091571, 0.662361880189701, 0.7776856410107184, 0.6821080350795856, 0.8134388928252583, 0.6452783461156264, 0.7095388008352248, 0.6713342751317344, 0.6729242361852701, 0.7248940733811143, 0.687031633735533, 0.6767470030885828, 0.7278246426457817, 0.6704264778396986, 0.5964861114856278, 0.6890100856223174, 0.7754329049543345, 0.6921269435135357, 0.6665157981140821, 0.8357427227623517, 0.5432111532663856, 0.5654506147826608], 'lightweight swinir x2': [0.5071205739475643, 0.6810057382875655, 0.6558113329656626, 0.7115435866842023, 0.6150580174729461, 0.7961741613198919, 0.6565161925139905, 0.6212542001394102, 0.6363019876211171, 0.5863627980113121, 0.55742006652544, 0.5794531838138421, 0.7149508180905577, 0.6527091381190633, 0.7062536628180003, 0.6363024533706522, 0.581917647056193, 0.6257013297886496, 0.508361851420861, 0.6756792773263508, 0.6841824171017165, 0.6402649086265806, 0.6539107748921968, 0.6222046917753179, 0.5986825947621113, 0.5783971148498733, 0.6777061103661371, 0.7462177734384228, 0.49701525541538494, 0.7121569589962837, 0.7446773053283972, 0.7032307481462414, 0.6749639647584246, 0.5625790217043657, 0.5277583615211083, 0.6573995331293612, 0.6797715613675587, 0.5558113232556378, 0.6163695045655423, 0.5681076645800357, 0.5409357195225397, 0.6541713254883623, 0.6209140723709403, 0.9693548834388169, 0.820837037867738, 0.8896612192834373, 0.9230114482215105, 0.7758715467019479, 0.9558520956014679, 0.8749749919991645, 0.7092787564152288, 0.6901128375981768, 0.8125741692341828, 0.7971237730839101, 0.8716147831326025, 0.594244654965804, 0.5998683784251159, 0.69469638825074, 0.7019985852169119, 0.7376599954472646, 0.8146250335006252, 0.9239540434096319, 0.9174244615966157, 0.4208274532769467, 0.6565293946314227, 0.4976819379564628, 0.3859174228515067, 0.8634963165039481, 0.8053758272502113, 0.6184812174098826, 0.6378250647448689, 0.6464015844664929, 0.6669658131680749, 0.6519181870208098, 0.6692790606061187, 0.6990832042528602, 0.6931765051587944, 0.6907688412997233, 0.7443776419932122, 0.6664753429468341, 0.715388223388005, 0.7817595980081657, 0.784775745915368, 0.8773030936624927, 0.8218557338589282, 0.7112100248126417, 0.7981670755446248, 0.8781075879019868, 0.5675109921119361, 0.7830005147823262, 0.43443462109060965, 0.9436480071970716, 0.6886009823317727, 0.9185681494698532, 0.7417345699804017, 0.6336770606434211, 0.9384066661882491, 0.7613442777376083, 0.8458895541041558, 0.8272866469830484, 0.7598588802697278, 0.746394326543545, 0.8808608638682279, 0.7814242780532947, 0.6996214505962367, 0.7692091630007836, 0.8751690946176532, 0.7974858587887753, 0.7344950643281186, 0.6214166443757287, 0.40408097517198394, 0.32256551526343913, 0.3718915899734477, 0.6293929142769041, 0.5181584416244687, 0.5522948366441623, 0.6634562868080007, 0.4458696464554322, 0.7220401692873537, 0.7500027233131669, 0.44416740000724114, 0.9183846506584958, 0.6333055115638417, 0.5567556987326167, 0.7851535541650726, 0.782820317988521, 0.8514289795661419, 0.4708572380340085, 0.7263985795170143, 0.7347613074583978, 0.5444224240412004, 0.8882858371328893, 0.8575487667818098, 0.714845202521769, 0.7276848817955469, 0.7081213190065502, 0.673674430235853, 0.694604027794337, 0.8146193974624694, 0.7518105185215874, 0.8477737046444677, 0.6047419505198252, 0.6196544786735328, 0.7773615998016788, 0.6933780129292025, 0.5613545639593546, 0.7949655597255787, 0.5678557511221546, 0.8261494015095961, 0.8051610646909223, 0.6849566284605346, 0.7301380584028381, 0.46174371014993054, 0.831358172503972, 0.7965071451868942, 0.6377110715571355, 0.9075442450819491, 0.6888402857863417, 0.6709586819964489, 0.758518623548165, 0.6174077161995916, 0.8038098877715175, 0.7622569691280247, 0.6274816107510885, 0.7263507909654613, 0.8360042721342857, 0.7739102016663424, 0.8911029597890029, 0.4992045847876134, 0.6551851759337431, 0.5154850607025385, 0.6063838908541337, 0.5205334212604036, 0.6323245302412277, 0.44802020947209903, 0.4110357413816287, 0.46392410836813347, 0.33002346375045755, 0.4966065969981647, 0.651208644607782, 0.34776772358893, 0.6198149778248426, 0.4428342502341665, 0.4412278397543976, 0.7020375696213174, 0.8063745693596724, 0.4334172304581286, 0.40909775177397817, 0.5555384509458657, 0.602602909224942, 0.5382791498939921, 0.5061733861562779, 0.5803417468466446, 0.586897111197507, 0.5114440733155182, 0.6978047932147112, 0.8801104361757496, 0.7161537332654113, 0.9154346075577452, 0.7938268389402733, 0.4548796798633173, 0.6819684663153444, 0.47668634737103766, 0.6013029949698357, 0.7447306763013029, 0.48876811143352683, 0.6647804524433768, 0.4752629986097226, 0.8042369295450494, 0.5185440923372665, 0.4457866871449853, 0.49422640686283054, 0.49493520058735563, 0.6303097628165958, 0.674341215618547, 0.48370247050441423, 0.6346580937083091, 0.44847362646941974, 0.4422947843445874, 0.3939836245772024, 0.38898152284894705, 0.5305847910185232, 0.68174283924809, 0.4344753784845, 0.42095921171134126, 0.3825800418220295, 0.5604438569266171, 0.6106640306229898, 0.5032934796314135, 0.4399161817754155, 0.6821132220467783, 0.5711318071876871, 0.5566998711400681, 0.5194904454205845, 0.4936298350606399, 0.6064006985488324, 0.5336199259673738, 0.49034157373612114, 0.6514474926120211, 0.6434335366442766, 0.6829467466429316, 0.6871274323450451, 0.5991939260078535, 0.5943803087456768, 0.5956738174577513, 0.7108041464858237, 0.7086547519948396, 0.5387861030071406, 0.48500498922372715, 0.6101329689362188, 0.7460071686221957, 0.7080615589943896, 0.46943319993277893, 0.5494770571661111, 0.5089060196884254, 0.6915039638451707, 0.5945783667132487, 0.5279231128391725, 0.6902492065180466, 0.5085903716150068, 0.4965985451195238, 0.46371461100097444, 0.5513263427867849, 0.46589665403494657, 0.42758307467774753, 0.4146400673160662, 0.5640542947145915, 0.5968890843984365, 0.6949615873588422, 0.43503889519871514, 0.42632083057156783, 0.4626074318253436, 0.4683765409188424, 0.4667236891477998, 0.42538670343168433, 0.5820246482907591, 0.3732079501809025, 0.41526287014256236, 0.4262624084306314, 0.4468553409969873, 0.41817042102838453, 0.43548665421628074, 0.5096802528493473, 0.3294734814052677, 0.5322245749509495, 0.5196132724893546, 0.5468398913457533, 0.4624987784980074, 0.5816429290650326, 0.47821896594756585, 0.46189289589352467, 0.5096388227377298, 0.4349352098756389, 0.4580282843018253, 0.5774525340683967, 0.43904710242302714, 0.4726273133478004, 0.46532100107572655, 0.4740659921815074, 0.32698591345509925, 0.42436077208577544, 0.41287267241327036, 0.6773587557898968, 0.8727903770405909, 0.7489173601850914, 0.49935663980281914, 0.9248692237785806, 0.8722123188891077, 0.9265653216762505, 0.8119601449660858, 0.769209277165897, 0.7572922198788969, 0.9455484866331008, 0.8379157766430613, 0.8704093391567939, 0.7843200649580298, 0.9398140176411698, 0.7640559901629073, 0.9344077758904225, 0.9192982115669964, 0.676036241824676, 0.8761045147073244, 0.8040134054801243, 0.8020643471526532, 0.6101813488508266, 0.7502568288011763, 0.6708889391772888, 0.8195774940813102, 0.9739307183177724, 0.6356202111344194, 0.9430182303801034, 0.9493783964680165, 0.898960210997598, 0.9194458464628272, 0.7224015744124308, 0.6458172839525054, 0.6925751933496983, 0.7330216530204438, 0.807809464972943, 0.7028314257942356, 0.593593700770841, 0.7963593259594173, 0.7636142296153108, 0.7743561529307849, 0.5280436552827772, 0.7644200042118419, 0.8326515733324246, 0.6978225071705408, 0.639778124973451, 0.7245935669348306, 0.8153186629355208, 0.7665331057867569, 0.7669161242718355, 0.8004439008123505, 0.6571040233063524, 0.8340117007499032, 0.8043617156590113, 0.7116154058268915, 0.744620571121054, 0.7781227419358706, 0.751335179868807, 0.8510677764485916, 0.6982107221214526, 0.7085052911054169, 0.3419764911828978, 0.5594741559147767, 0.6818770921975653, 0.32467703873413617, 0.5484899381482429, 0.7782481561949524, 0.485907584618127, 0.6662151525194715, 0.6391370262241728, 0.6852750674902899, 0.5786977120042038, 0.4840015041825932, 0.5381743229676828, 0.4045960252097738, 0.40525655560587726, 0.40292872474936187, 0.4140903504235582, 0.43113763303569325, 0.44365334681684954, 0.5078179852815683, 0.532858682629356, 0.4080259371861085, 0.5702688528756011, 0.5712213572612944, 0.41658624206921535, 0.6195913310846256, 0.4760164505025776, 0.40200516919139107, 0.5332678718311689, 0.7582322044845506, 0.5126901641004079, 0.6287531489368244, 0.6198237247594619, 0.5303146952497854, 0.508116088159249, 0.6782158664896966, 0.5420827472028747, 0.4780282993691914, 0.6962367342511542, 0.5308029763730916, 0.5326603584827242, 0.7143830109312594, 0.5604496798611939, 0.5695852895026896, 0.6414940137586984, 0.6062029013702395, 0.7676395176897586, 0.8441567026806949, 0.613512125313665, 0.5601538519742346, 0.4788494883773616, 0.5421012443474698, 0.5988881699665957, 0.5556386968918985, 0.4973084712294678, 0.42962767343632563, 0.47678390342003746, 0.6624230309123704, 0.41919765246366497, 0.6453505788528038, 0.6790046385907332, 0.6483890229437992, 0.5983421244580832, 0.5931113798059321, 0.6219490325576794, 0.2879621232298486, 0.42120392711917376, 0.6011061948324615, 0.5246801090419189, 0.6320431478706976, 0.6102727026368462, 0.6263911244647121, 0.6323770731546247, 0.5787374206019799, 0.6708175179331718, 0.8390206927026622, 0.6413218851878921, 0.7946896889144685, 0.8355195325302288, 0.7055672807997873, 0.877519883254657, 0.40993736150918975, 0.3279581099283069, 0.8284078114406057, 0.8664610593431622, 0.9181653778758686, 0.4322109655744986, 0.4821531519184312, 0.39507371745547337, 0.3672507369317086, 0.38439606853001984, 0.4118289140850076, 0.36991822332928576, 0.4061719813414974, 0.439881387842974, 0.4563586777516265, 0.3798605376196979, 0.4166448264173407, 0.6458505436334221, 0.7785472908996222, 0.7796182414174126, 0.33632349255175, 0.40685024183016255, 0.3874771279054424, 0.42400928995600173, 0.3838411150254182, 0.3988212528919229, 0.3983199932885796, 0.43483457332285774, 0.4128982037142572, 0.47766663404603976, 0.5049559908882985, 0.5099943567176446, 0.5127921715578342, 0.5451937822201212, 0.5053730468020954, 0.46421485360317266, 0.4299470516044726, 0.4129086635210149, 0.5214843370976425, 0.5432561029238409, 0.4934877606620609, 0.5045948469803166, 0.49731690944956647, 0.5040197587826534, 0.5340337390157613, 0.44159844916372676, 0.41778747566407115, 0.5864551845434425, 0.6619414329526838, 0.5305692489185699, 0.5840613943800903, 0.5134499453841347, 0.6453304297308229, 0.5377817624073051, 0.57919722799494, 0.4994195918994894, 0.6345671547565325, 0.6834645955175479, 0.6403216392579386, 0.6943472911487903, 0.663650789390323, 0.6246026045593679, 0.6108019913114017, 0.6454527834857943, 0.6157417841747088, 0.6327213006425662, 0.5355707224195221, 0.5480348216327163, 0.5873795214411854, 0.6166462722201449, 0.6141325585817039, 0.6473849160199486, 0.7204649830183202, 0.7766665562523398, 0.7322055350052822, 0.4614586912193446, 0.5588757243875279, 0.5712610755022602, 0.5808457949300546, 0.5481690337730121, 0.5593092609316614, 0.5945737026155083, 0.48826947168075185, 0.5420120724262779, 0.5308808976260079, 0.6162607124525578, 0.630223594161171, 0.6182523008258681, 0.5877818000075252, 0.612861576520625, 0.48061698063138764, 0.6407868225212311, 0.5471991175308245, 0.6828059715900375, 0.676174109070064, 0.6293042799122585, 0.5476338706501369, 0.624579781233888, 0.768844480531261, 0.5466559507419739, 0.5973475852434306, 0.616156233400383, 0.5116674189042446, 0.5588474776318411, 0.6158901507915321, 0.544479694227987, 0.586605648265073, 0.6853124015879398, 0.7145691371911481, 0.6705931873884406, 0.6131914538198081, 0.5236929309660038, 0.7298034659056519, 0.6088097199693858, 0.7092098691146634, 0.8231643390967941, 0.6008726178890506, 0.5334315572297439, 0.4691873775478564, 0.7291934809035019, 0.6668684472152094, 0.5209913489906113, 0.5241529482545865, 0.5746709741718383, 0.5472037942107894, 0.4968922656652041, 0.7069655549001299, 0.6878895743594289, 0.6666329658035537, 0.6986874807120111, 0.7411658840881382, 0.5967609641785314, 0.4219443724750857, 0.5095552306282127, 0.4885142947510106, 0.466546008560366, 0.4691282775905788, 0.6598219638715541, 0.44764769031754226, 0.6502820732352916, 0.6972316951641598, 0.48121583633564735, 0.44663105241535334, 0.415800469637923, 0.5389508223029271, 0.5024066568864571, 0.5160746100603467, 0.7867651079754997, 0.8305574200293172, 0.868068371113275, 0.8268479916520619, 0.8708062196227293, 0.6050157685179031, 0.5423280299279727, 0.7156827464676015, 0.7502705587616005, 0.6075160501640847, 0.5797068996897884, 0.5940448248625022, 0.6771817558014644, 0.6821335342268096, 0.5937421727886723, 0.5367984578116282, 0.8134727984422953, 0.5849829609306715, 0.49788672321473576, 0.48668968124875644, 0.4582232326078582, 0.4201880907667084, 0.7808842037867096, 0.6669711170564578, 0.7332048050867149, 0.7536748601802714, 0.6227552028799159, 0.7343680743818704, 0.8139634716035413, 0.47780246533186754, 0.5645668844465696, 0.6262344490977944, 0.6022858098721066, 0.7125596982583922, 0.6104436623214065, 0.7684162880936273, 0.725962013065197, 0.668209922965705, 0.6622502114779987, 0.5783693802930092, 0.7656972698761196, 0.578846546908433, 0.6361300973552849, 0.7926412067284747, 0.5693449527140007, 0.6135297798926074, 0.6271608736233538, 0.777278105088705, 0.561274125233889, 0.6115506962291806, 0.6010725174318511, 0.8438625933793363, 0.722661279649173, 0.6166456691806331, 0.6066720979613918, 0.674852092138645, 0.5180730068518649, 0.6686827756654838, 0.6350601939116606, 0.6893295819285652, 0.8145778582907472, 0.5408485821691478, 0.6705997886686385, 0.5597832356195448, 0.7466204343083281, 0.6502403947233065, 0.5289826844881319, 0.6269344301002967, 0.663593989957125, 0.6763923518874999, 0.7565585177262528, 0.6507160621177985, 0.6977016266978144, 0.7912524456008224, 0.4568030865986713, 0.6684069159431563, 0.42319340616735374, 0.7345750151438716, 0.6389266741635317, 0.657903127710593, 0.6936501254537203, 0.7008187058568548, 0.4949054552567637, 0.5782337189495046, 0.7969264025394035, 0.7502706466348471, 0.7676677354641556, 0.7940646824747207, 0.4917246603142965, 0.6130595828358877, 0.7446816561680935, 0.7573718855746713, 0.8617333525247075, 0.7636088373646628, 0.8548561305730936, 0.8200405490099285, 0.7839868326376858, 0.667137171122727, 0.6151735020482467, 0.53927207484034, 0.6052493158363553, 0.4756031338193885, 0.5171756462231741, 0.7739594047107822, 0.6337834087630421, 0.7223455173364393, 0.6781395598965643, 0.6152940430567707, 0.7655848542560687, 0.5550578781484776, 0.7138032669496035, 0.5796141465880432, 0.8102083753859497, 0.6829491829969919, 0.7443330892794547, 0.4993458631684191, 0.5578489742436145, 0.6036215698523433, 0.49121444501186334, 0.4640912246540811, 0.4955566174018186, 0.6261742716548562, 0.4734870212431671, 0.4823684695723569, 0.636665348217386, 0.5768785787903695, 0.6898981592775186, 0.6750038024406876, 0.5023600452600597, 0.5665307441390383, 0.8174845609378837, 0.37292164037445685, 0.5497997844694362, 0.5822412934632807, 0.8048737175235674, 0.5467025541274878, 0.5413688649263351, 0.5203885475743111, 0.6363056129903707, 0.47569776672526615, 0.4055683444238774, 0.5617288320916634, 0.48243918274584885, 0.5338737711424513, 0.5020174248379096, 0.5005709965306941, 0.5564297102866923, 0.5340761285997735, 0.45931499848689694, 0.4823433958869186, 0.4893451698411738, 0.45455865313042537, 0.7865633559136095, 0.43429119063343125, 0.3679119289050132, 0.7347863633660102, 0.5930599687589958, 0.7241914537685598, 0.5618236992904859, 0.6724006827992076, 0.6499841052554178, 0.6046743485683652, 0.6942161633643709, 0.8536541001609389, 0.8269558873239629, 0.6308161317402315, 0.7020102728725922, 0.8236010858026477, 0.7057851979537604, 0.7506643446007891, 0.6974697695878618, 0.6717958647970543, 0.6045086899489104, 0.7091769693500759, 0.620953476992311, 0.7040607624670141, 0.7076492398037354, 0.6363877856304779, 0.7638372537626618, 0.6373743414848396, 0.49152469709145363, 0.6041051085452775, 0.5250683128855671, 0.6081144109749212, 0.640341181977462, 0.6898018798321225, 0.5158978446289036, 0.6203801367948908, 0.7208504932815443, 0.5719134848590696, 0.7003276442371663, 0.7311103352195901, 0.8113809555294618, 0.7272332423987045, 0.6364309305080329, 0.693052269856639, 0.5295007397299922, 0.4169719691952459, 0.5523906867752965, 0.5590662352273816, 0.6401265430442702, 0.5250191658777491, 0.5763298489127798, 0.592437857390983, 0.5348407055953613, 0.5513999593037993, 0.5700793749064031, 0.5199204005791064, 0.5864188181555493, 0.5774573319603244, 0.5245330639184412, 0.6336310192981114, 0.4303576915564026, 0.5873680793354021, 0.6643967855203341, 0.45672693151051, 0.7183176842030574, 0.7266677484356934, 0.8266972581957381, 0.6948151415223968, 0.59166758080496, 0.46922199687397576, 0.571284011131182, 0.4848289162640236, 0.4907080757332556, 0.5172080983506239, 0.728660645861022, 0.4444024654998861, 0.5620359732554233, 0.5455359581122251, 0.7688743760638911, 0.4253378900907549, 0.4063030994334791, 0.5592118810282342, 0.3061697999444289, 0.39877213479026763, 0.39258490844800714, 0.44753835645145823, 0.4730846223092736, 0.4108468973094746, 0.5200610144569517, 0.3378253637426759, 0.5455242584499799, 0.4214031786695558, 0.4530978899366944, 0.5882042775646893, 0.44858954782451327, 0.43212961544808565, 0.3302526434567544, 0.3812533205462643, 0.4053874732307863, 0.40572248998951754, 0.3707549474495593, 0.4067974763004637, 0.38468940127377266, 0.2991053265808311, 0.48767354474138974, 0.48617598961337466, 0.4667822734488304, 0.49646225909265046, 0.4030419981914985, 0.48500981644256774, 0.6625776434192638, 0.3599235031694299, 0.7412022727363848, 0.7985491607004699, 0.5322901519113684, 0.8913309745788991, 0.5737646969441774, 0.505762614581268, 0.44420337838948565, 0.6451407111767535, 0.8686288345924197, 0.6512967961669218, 0.6687226126490687, 0.5928596118050636, 0.6187758594616337, 0.4006877670002213, 0.5396566159196432, 0.5357855540662549, 0.4662912534014752, 0.511961184377621, 0.5955390903849213, 0.47531536725166074, 0.5024075576143978, 0.4871261759112617, 0.6148187595073812, 0.37549074532724597, 0.3458902111323818, 0.8403557558852977, 0.3435074490224191, 0.40224006977539584, 0.5877177965449741, 0.638357591546304, 0.577521460927517, 0.39551577170857005, 0.7021017718635837, 0.6999194118390809, 0.6082134029262708, 0.5706552368190176, 0.625635096135584, 0.8362790083108821, 0.6059822081388019, 0.49914157215015187, 0.5833094977074412, 0.6280850119639831, 0.5611612968499842, 0.5363750223343864, 0.566822103915619, 0.6019385751160333, 0.6806199580589632, 0.6029430800547178, 0.6183329572386638, 0.5963753500750648, 0.7406564252896837, 0.6984212347440799, 0.5404457055825453, 0.4453168821331592, 0.3906647896530013, 0.7492165970977075, 0.5632328118938258, 0.5805541083184774, 0.5638556616683501, 0.6061389325667302, 0.40525800545975943, 0.5051212844149184, 0.4282559435318001, 0.5371480002856817, 0.39307022503434724, 0.53845366333357, 0.4513023073473869, 0.5885879599921434, 0.5507715096187896, 0.6141858861314596, 0.5638427940790471, 0.5571661363513192, 0.603755463955193, 0.5707961835602455, 0.48181392079916213, 0.5908499799177049, 0.4990915576668946, 0.5509040168270167, 0.5808283001337685, 0.6229492441544519, 0.4799093399579746, 0.5560261559782051, 0.550874158426892, 0.37026171256445267, 0.3483355945567179, 0.4341221104218261, 0.34837783931750954, 0.41587901581378, 0.7997981077221963, 0.7085650902695647, 0.5849395149535627, 0.6162355406437271, 0.6139223353636136, 0.6133758340340822, 0.6150208571880682, 0.5089304798513131, 0.5152203286150395, 0.5842939394230554, 0.5465479043570384, 0.511671871519573, 0.49785561808909434, 0.5166518229685709, 0.5351642451209482, 0.5244308259241329, 0.5375006787316985, 0.5614795976934182, 0.5693872815911223, 0.553734326869092, 0.5545058022922532, 0.45999735343511833, 0.4811345264658437, 0.4927321985663714, 0.4990463110497388, 0.5026408512351362, 0.5103781872999619, 0.46794076673355706, 0.6243736166526858, 0.7179054913264132, 0.6217615984952121, 0.6269997414010156, 0.4920972612931509, 0.5849484425032969, 0.47989338232771467, 0.5010198644708413, 0.63418570599571, 0.5737997633025888, 0.7194341830173485, 0.5258422570091784, 0.5428643748604907, 0.550998704229679, 0.5067166237160695, 0.6028926105989626, 0.5637935432227491, 0.5350951473341928, 0.5736118803686182, 0.4940928540266073, 0.46211007787392644, 0.5662547622341836, 0.6271796092386975, 0.5694951683777505, 0.5431726729844755, 0.7248747060269116, 0.42016442643580354, 0.43945060104706146]}
