/home/s2630575/thesis/espcnmodel/ESPCN_x2
mean PSNR value is 32.20791443169663 dB
mean SSIM value is 0.915215068149549
total n:
1000
/home/s2630575/SwinIR/results/swinir_lightweight_sr_x2
mean PSNR value is 28.518717132257617 dB
mean SSIM value is 0.8627767532532966
total n:
1000
psnr dict
{'espcn': [29.246895350932235, 33.325673821436745, 32.528853432658934, 34.23111459302417, 30.341284884653458, 37.17760133979157, 33.05705093989013, 31.03893730914252, 33.39264368101234, 31.061415532008475, 31.303299114561813, 30.667113640153403, 33.05096040624437, 33.0163297314833, 32.96714414205434, 32.13469070562689, 30.38802282242858, 30.489754470394175, 30.42781397511729, 32.537229663310754, 33.66337477305239, 33.54464555818888, 32.83007142717986, 33.106261046488726, 31.29233198287583, 30.82928308117664, 33.23345736386962, 35.767386076179875, 25.918625539475798, 37.56465100441228, 37.408852523455714, 36.03959358809478, 35.70650980570177, 28.733770204610884, 28.64790286875089, 32.64102181231411, 32.96760547375215, 29.155669024347752, 31.820007423341995, 28.779917348400375, 28.28944684984265, 31.35709788204448, 35.142330233586215, 43.53555946040452, 41.49264221588332, 41.794087396580636, 42.72685531274442, 40.26716452087201, 43.060100914029476, 41.506301759661085, 37.8608522038623, 36.03071113783449, 40.83742452066162, 39.897353621050534, 40.980050597753475, 34.68393417162288, 33.09774969005912, 37.45453743382713, 37.36757721932706, 37.8066927722275, 40.562796310892935, 42.10305980030073, 42.36742530599238, 33.13791997162981, 38.607417441456235, 29.814966511295616, 28.528838589463696, 40.69813535672203, 38.795655157096135, 31.343238663187147, 33.432572952778614, 31.189533277242944, 31.474342531411168, 31.637069504039378, 33.092221538736176, 35.1047769226576, 34.94992106499576, 34.34721378567949, 36.377884294393176, 32.842700938628525, 35.36638663386117, 35.77870270091079, 37.002757082089765, 40.13013467375352, 37.86400041269293, 32.910977652288125, 36.834542524490274, 40.705470264039334, 30.187379619240534, 38.65330410131362, 29.410382471119338, 41.918210646683, 35.50525719939115, 42.01177559548549, 35.80416565360461, 31.940645524608296, 41.649203738220436, 37.017464230689086, 40.9558753772128, 39.53312524991066, 37.69441341967638, 37.3947787856029, 40.403292317892536, 38.552918230834926, 37.91871568770604, 37.61610544067943, 41.089049702394774, 39.16293555070217, 33.93030467343739, 30.260912246714923, 22.94464275096763, 22.052495089260834, 24.912764429604444, 29.860607776926784, 28.357021061723554, 30.956476771653225, 35.19558356734129, 28.251097546255973, 31.18427811307067, 29.691255419036686, 29.152540193251756, 41.166493791831755, 35.25706046674304, 33.23568951200389, 37.82054438705318, 35.366839440850804, 36.510885432162084, 28.809284526234507, 33.63201992733704, 33.4733221177889, 31.547989795524785, 39.609827232249124, 37.08621860772383, 36.35254320944727, 34.92818166769253, 33.96931833311773, 30.754440465310758, 34.55420244737838, 39.074249720603014, 36.83723184086351, 39.85798762202263, 33.991657661578444, 33.66381568665123, 38.42945965128521, 38.346137997046675, 31.841993956952948, 37.21247473138155, 31.23356155302401, 39.3819762383519, 36.17273104474149, 33.383460700580194, 36.28885482776947, 31.148346475756576, 39.122532835439365, 39.90818119475262, 27.8123827130891, 37.12296175602151, 31.6932639658576, 31.189929438006562, 35.81105482585855, 32.516029878846176, 35.15424860518195, 33.47544164550317, 30.638546356181187, 33.58524604662452, 36.48925803244948, 32.30147049199329, 38.91248229971106, 32.682187311975206, 35.13432593514998, 27.461719287168115, 31.58620480521961, 30.400042259126646, 30.59526926867603, 26.67145548786761, 27.146200233209914, 25.404729719352183, 22.36116075029021, 28.377360072894007, 31.46133393661068, 22.665189361728718, 30.085456880956194, 26.87295023809024, 27.388115913985338, 34.65851765063298, 39.52751617126026, 27.702567869465724, 22.73416414686739, 27.81472926101121, 29.405036532529337, 30.735668741495253, 30.50537505850135, 29.043547247209386, 28.86679991210345, 27.726774807590147, 38.34391038078083, 40.19438891217774, 36.468646841328784, 40.975052589195386, 38.08150056182193, 23.999753339172806, 35.337361867474584, 26.010181658758885, 32.37156695636744, 38.46982798862884, 27.765797281629474, 33.1650893060218, 26.041299559381518, 39.0137812869027, 28.279659385423663, 26.34658268284712, 29.69560824790978, 25.27841513699302, 30.266365546267156, 32.736079783704646, 29.01839779316067, 32.40314022678098, 28.49684707640138, 29.036840371073694, 25.824291162772, 25.126146489457323, 31.56394123797016, 32.93046591269123, 25.868525790291983, 26.88496856511392, 24.579478246866277, 30.43814221407752, 30.82431621534151, 25.979164856998445, 24.72805128926312, 32.8304424783208, 30.030421261609696, 31.11783114768884, 28.58575772142737, 28.17666504881843, 31.597277605692643, 30.88082269500431, 27.368983518162583, 35.23459722564458, 34.73206756038371, 34.05746780630447, 34.19618222109119, 31.253531405506216, 32.24830218812664, 32.29342969187259, 34.9353935705206, 34.47783461821952, 31.467517060925164, 26.139838367732086, 33.81233110136223, 35.245568785651656, 34.152104240248995, 26.564029244033065, 28.12081824095335, 27.35013479861726, 32.79856245598828, 32.56950450489844, 29.534471318543012, 34.67208082466244, 28.470999339240333, 26.97077303525837, 25.97887797576299, 30.99739220672609, 27.996678234348934, 25.888916840530744, 26.51111792044128, 32.02219103234269, 31.800227715822942, 35.41445134096672, 25.729642201436803, 25.71105070828798, 26.48402831051009, 27.544256601842978, 27.23002429122335, 25.4612478144106, 30.55155382528806, 25.010096216650425, 24.186903424311193, 24.297552735445343, 26.793902326994548, 25.78494330283297, 26.704460415606583, 28.302288729617963, 24.942264132549443, 29.979837744146664, 30.316809557644582, 28.80725746620811, 31.062825165200856, 30.504033111870754, 26.105308288265338, 26.702938334931567, 28.068213650280992, 26.566046076693965, 25.418336543140292, 31.211258017372998, 27.233926145214333, 26.33321474428263, 25.922723265736458, 27.316206327993136, 23.885460462070718, 25.617146117330222, 26.401199400394923, 36.66357043318311, 40.67170445553416, 38.15954869383383, 33.517079783279485, 43.12096075339916, 39.97708765653181, 41.373820272852086, 37.781332177691525, 39.23372728307829, 38.39489284495827, 42.77920850299023, 39.271240588555685, 41.634781626337855, 38.72106746076119, 43.19927980416146, 39.089050900608235, 42.07329514675919, 41.914318876732615, 36.72808302743486, 39.473896699500116, 39.812985417249365, 36.5633507090848, 34.30071637633742, 38.978292345776026, 37.255888388427174, 41.29731750539902, 44.051702314661156, 38.22932125325559, 43.066320805845734, 43.34536310013311, 41.605232682145186, 41.64124169148907, 36.6333395825521, 36.832660307486876, 38.31460848867185, 37.894096264083494, 39.25599085345299, 36.14100726968482, 34.98460629211625, 38.7148101265227, 37.84558021018822, 38.01132468012924, 32.60919376817377, 37.914990716033685, 38.86001326836506, 31.725150563665842, 31.872249239923907, 35.88333268259893, 38.57923044016446, 37.549896633359204, 39.54893520507333, 39.99229026177583, 34.470742738361544, 41.01479084023449, 38.20146811465218, 36.155461936790935, 38.855206698254364, 38.42051098199323, 39.37105788172561, 40.36826383922869, 37.761063595390155, 35.857038211202635, 26.443871162940805, 34.861511647846115, 32.97601612521573, 26.891665462254224, 32.253924225043164, 37.668068009107465, 31.72380313367563, 34.18059042277258, 35.832903114844825, 37.989161245490244, 36.487448298347275, 33.94793466458548, 34.16678093275541, 30.534737063571026, 31.17808975061587, 30.226224805749823, 31.3459970898484, 31.37932887961293, 27.05404647840291, 33.44932018251436, 34.55236936269551, 31.429400095546896, 35.1214378877771, 36.57994950214788, 30.094607376550666, 35.567968636623526, 31.71958233554808, 27.850356757308088, 27.549995836158395, 37.80145051674009, 27.999207909949625, 32.09178559167944, 33.736341365363344, 28.157185091865422, 29.969126098460556, 34.820623743431156, 27.723802180906205, 27.36352122705638, 35.05974182299627, 28.9125484961204, 26.78593795595664, 36.29036017598385, 31.536264451839276, 30.55647811986601, 33.2832235451331, 32.824871385659485, 38.3968410793625, 40.313217958177425, 29.774380411278642, 30.26496641252661, 26.304629946333048, 29.532718450786845, 29.811140459773497, 28.531702282766368, 27.46761249240036, 29.784402927340913, 32.911724553576654, 36.727836737566754, 31.53813060121767, 37.10261313922955, 38.36799474645986, 36.215707136710805, 36.8487830958537, 35.05942599228278, 34.31549092657026, 28.949074486945115, 30.933818071248396, 36.160491915355365, 34.344069658317984, 36.236892249461576, 34.868659888842956, 36.88903846218699, 37.37478862649711, 35.602869787104396, 38.69486332834774, 42.01450072551722, 38.60496516771938, 41.592709684905756, 42.86374180201764, 40.193911009318136, 43.43112105239429, 32.366888919859484, 29.599983941812226, 39.302004333676834, 40.827272549208146, 41.49480719862322, 30.310827886939784, 31.173492280409455, 29.384815240563135, 28.201664182566137, 28.951170937242324, 27.992749438280356, 27.30781940460713, 28.721111224330414, 28.672240947079523, 29.695002791668372, 28.062871600579108, 29.23449938337118, 33.04246754572067, 38.395544581256466, 37.441182337257395, 25.73641495536269, 28.028146411397547, 25.834782351447515, 27.225980123972008, 27.71877699177319, 27.465321675830342, 26.71134359072102, 28.839031413915208, 28.0368236615843, 29.5653097032314, 30.663589284079787, 30.594257765087512, 30.497507533590912, 30.124301918427577, 32.49058600871536, 28.93998479817099, 29.30434965211085, 27.115268683906336, 29.470767955423316, 31.244168933941836, 29.835105167422377, 31.162744888188122, 32.2341758245675, 33.34661941808679, 33.39901669500251, 26.115516959958466, 28.239733371601616, 33.283423609768285, 35.83363354812484, 31.369251189379305, 33.97491749883594, 30.050563441609178, 35.14154079716845, 30.025007601507646, 31.129461272691962, 29.356854481540818, 32.4529932144702, 36.72071376964971, 35.53493869811013, 35.27926676517136, 34.26978168720748, 30.973309325493446, 32.616656857745866, 32.64986385748298, 32.806536895619864, 32.278103324688146, 29.54150178107249, 29.142164989271905, 32.23146358945778, 34.86036105912805, 33.186680454282296, 34.76892952536098, 36.45715840601687, 36.80656649744306, 37.23298388912211, 27.949656062735727, 28.881332288908478, 29.58668559136138, 29.68075836361394, 29.586472044576524, 27.42818672968644, 31.22048043741085, 27.349614722774625, 29.68994054561355, 27.50580560562952, 34.09074685596026, 32.87796829511701, 34.484970230527416, 32.822421102088086, 35.455159452633715, 27.61735426042393, 33.83630302598397, 31.164932366192197, 34.69147461633166, 35.141932365558674, 33.6085196962648, 31.730542165123552, 33.717023576350456, 37.19576701927401, 31.57178205512718, 32.91405675672911, 34.6769557429457, 30.044321741639628, 30.16435398237693, 33.23954725889792, 30.466103662567335, 32.98962220750412, 35.055271576843495, 35.652979752031975, 36.153023214549634, 33.342514013744776, 31.731126034691, 37.53514699208769, 32.25770416999833, 34.54312645371352, 38.217922475377264, 31.04788159647135, 28.284240951275017, 27.788139448944193, 35.292643828495606, 33.772761060033126, 29.290553051008708, 29.94527518890508, 30.62654812997783, 29.558694682765413, 29.073061607979266, 34.08014012619298, 33.25566573870403, 33.319193107919304, 35.58959793365975, 36.10542903641619, 32.878735938731765, 24.462626363013964, 28.31807765924127, 27.905159760386738, 25.848687351083832, 26.900941341807165, 32.13130428110133, 26.64693027424965, 33.5242727079156, 34.09899016657394, 27.73989251246425, 25.718075725706477, 25.88527314787467, 31.026106252595543, 29.40338676487805, 28.120714973040826, 37.61198764512849, 38.725329798521784, 40.33406791450966, 39.61423864884842, 40.36990930954187, 31.61828413937913, 32.07450573439119, 35.081896881698334, 36.832261000566305, 32.87456916181798, 33.31303142391183, 32.39842710860347, 33.433439172387914, 34.59771051599002, 32.29866982570232, 28.348201620850038, 38.19846341969204, 33.46376201264555, 31.17166599318452, 28.46723221066306, 26.992473964899748, 28.347222393129424, 37.966760671374665, 33.83696861505515, 37.25102064947332, 33.438130173751695, 33.976070887727445, 35.92230768442783, 37.11688281407385, 27.59021488753262, 29.611144023376124, 29.90342419953818, 31.39292730508792, 36.0159882427497, 34.9983840600249, 37.95645546663625, 32.86523643607665, 32.66704382569216, 33.641343922257484, 31.139457177516334, 33.457268808996176, 30.073613530381298, 27.040926482083705, 33.8928312223386, 31.075591039387586, 29.75291952642341, 29.321114493127812, 31.680281764234692, 29.848230498380715, 32.21083218518595, 30.384612877906093, 37.714343015171934, 33.53117747292093, 31.879060263815035, 30.333522705879474, 33.0170517416674, 29.96878016517579, 29.10302675508597, 31.42759158945038, 30.371046287039466, 38.46351792566639, 29.378576450065328, 31.36353625911683, 26.489347891389208, 35.045290091398456, 31.869592970290668, 27.40313984293829, 30.276384728246214, 34.36073073510474, 34.145583534386496, 35.79425149073691, 31.623678164815207, 32.683518526511854, 35.212994050188215, 27.523279364151865, 34.15593316201732, 29.43639146758993, 32.30694491755697, 30.43918149449226, 34.54613307300487, 29.616175941058934, 28.31341946994366, 26.58368264051365, 25.383974021687376, 36.073240282991634, 32.63817192902847, 35.39898052551369, 34.98009023356801, 27.225974704137514, 27.277061441659704, 36.48394145133959, 33.67988931140063, 39.629372144057015, 34.64870647657856, 38.43266863825319, 37.5501003181523, 34.382954858416866, 30.05001158433938, 28.144698989644667, 29.711872040500932, 26.550475460861836, 24.431499149317986, 29.361689497151808, 28.378515982315484, 23.607994247258848, 28.899608027332285, 27.737232957079506, 25.52973697831446, 30.87549235470512, 26.385883968337723, 30.06398159968624, 29.765695318761086, 33.433317694916795, 24.703714398033277, 26.629590143712626, 26.787220162133867, 25.02515871357103, 31.714780025966878, 28.872852579388, 25.34660846447045, 29.748604210898186, 32.57481276086595, 28.697088263718996, 27.993562645971885, 32.157676967514874, 30.607352536144226, 33.664930749426325, 34.49207391817761, 29.91508234197645, 30.83927132408981, 40.066380798651416, 26.38264296736103, 30.969021360151668, 32.39135370823411, 38.880562993887004, 31.73822072647194, 33.10732648767257, 31.85931857642081, 35.82793904525895, 29.580807219383438, 27.105836538956073, 26.26089995183414, 28.243590652054205, 26.148658286600096, 26.16302468331761, 26.164077041058206, 27.39920800345214, 28.325913513258513, 24.922184232316855, 25.16510141273434, 26.138837620841954, 25.25291590319185, 39.09570909309247, 26.169089726803413, 24.61614886223139, 38.31807795313209, 32.96442515455295, 35.595726077979116, 33.1190582979594, 34.040775633835935, 34.46985540113272, 32.26272433391473, 37.015686761973676, 40.94663795417677, 39.4993629015632, 33.8774817039443, 35.610550794305965, 39.41127302997832, 38.46061144823877, 37.906564195667784, 35.59463695474343, 34.35177776060613, 31.795264949579725, 36.09154823807586, 33.989037022808425, 35.926178212020446, 34.83167671835104, 34.90597103748336, 36.67496108050584, 34.4139723919733, 29.24290997273171, 33.652701139708995, 32.83597272450267, 33.688839412959794, 35.80567256519588, 36.393996798641844, 30.62345556798897, 31.984553278607105, 36.97241237645329, 30.638306810071605, 32.167627655308124, 35.59420730168033, 36.3126211808969, 36.05422210696037, 31.42543134020892, 34.04873524968595, 28.952807387343494, 28.58568243619883, 28.739339452295862, 28.584093936412035, 34.33667298618749, 29.663741384710832, 28.619993554064493, 30.803911474916323, 28.58287660339224, 28.837901246029972, 28.413069018587702, 29.533956904764572, 29.803117297415653, 30.45952424434664, 29.197346399719027, 31.206719786538258, 28.06794143140561, 30.026753557514546, 31.866587491239457, 25.618842585557353, 35.02220646082973, 36.088153862627905, 39.46564937571624, 36.33067089854231, 30.654259289072, 26.949690235183674, 29.094550740487005, 27.04524961296626, 26.907194961448127, 27.7106696140747, 36.35183621313848, 24.8501465445594, 29.72526674537012, 27.179960646781183, 36.98600009536764, 25.885335298516004, 28.216076641292606, 31.78112552009392, 27.171047928228052, 28.7162156648643, 29.857528281908372, 28.05738709108409, 30.540431974285998, 30.19734331207978, 32.02736887715786, 29.021255541086205, 33.06931624111927, 30.044021492948364, 31.911373718476554, 34.36763984317856, 29.171205896381487, 28.8695150249903, 28.398529714669994, 29.960453236667647, 29.497409588716085, 30.174318681002028, 29.41443160417527, 29.68279874271211, 28.56141273898535, 26.809627281509005, 32.426332604276205, 31.6995688406407, 31.823390360340404, 32.4159860010061, 30.959890952847925, 30.11773578122287, 28.728119819916117, 25.21864490639956, 37.50281074876108, 37.16123028424293, 29.238621889541054, 41.8427654193345, 29.326917045601068, 30.03254066515597, 27.750925795749325, 34.937868960408586, 39.79695464199821, 34.81693859874183, 34.805808758302426, 31.755586386174915, 33.630573852457374, 26.50313857747838, 30.15924338929887, 29.29454887122649, 25.7487818709043, 28.584348505512857, 30.88463797848576, 30.173163188513243, 27.924168839718373, 28.226283215445285, 32.076954759018115, 26.154752959049937, 26.72290572907678, 39.985863795818695, 27.24418588596579, 27.063772978565925, 32.17278631887578, 34.37454505924435, 26.539399495082474, 24.17200363117358, 32.88685933821408, 33.30537822777636, 31.93260903870156, 30.087490054117385, 30.949755187278814, 39.87109822964301, 31.395520317939063, 27.914159034102607, 29.745513976156413, 31.862138334366303, 28.497850480666855, 27.442621875058485, 27.42088836871079, 32.12167959403472, 35.23043625468249, 31.17847894706861, 29.27748735696156, 30.246023987272203, 32.77330133566896, 32.26106490760495, 27.370395774351607, 26.24903359746661, 26.10553394650736, 37.56564862943383, 27.999839642227396, 29.656039252458633, 28.214315011725986, 30.486814975436634, 25.330527886645307, 27.012234988508375, 26.504436692134647, 29.981922869291267, 23.008931396703275, 27.316878680885715, 28.0392536738943, 29.372215166198508, 26.885525978960963, 30.468162357756526, 28.686214878300653, 28.31198701459764, 30.338868022125745, 28.91577586779444, 26.222642768874465, 28.976194832415516, 26.695110639140225, 28.096171240007077, 31.379491155713765, 30.78441855382878, 27.47717439478892, 29.166453658221066, 29.125368643468942, 24.91303956301797, 21.167913465677444, 25.587403284060994, 23.857026270318794, 24.58429540126766, 39.17854009953607, 36.81469358929528, 30.70473032391993, 34.113987111513104, 34.825912238968115, 34.37253726596419, 34.05106790489036, 28.65162952023018, 28.860279779568124, 31.266767407456474, 28.455757972007007, 28.12723043329397, 28.30078855705524, 28.638243501312672, 30.169745755201607, 29.479186936936017, 29.788469533564385, 29.535893328549374, 31.12611140808844, 30.163795502923474, 29.408511666662505, 25.846499817075884, 27.13024713598451, 27.572215583376156, 29.065732827621325, 29.72040047688427, 29.11859817157337, 28.27922648990799, 34.44098262568525, 36.12214618777294, 32.48594227081939, 31.931115910501198, 28.431778355944793, 30.95317432986179, 29.933682845301924, 29.406904275808774, 34.550041407275145, 32.326674510959535, 34.35958174744356, 32.371327271149, 28.473108201325882, 29.315328451433416, 30.438487473058125, 29.96998693739584, 29.790245780223493, 28.96278297416216, 29.788009654161506, 28.605523111031758, 28.22244599264237, 32.44347407558715, 34.11880370138461, 31.154939604609638, 31.366576475292565, 36.816159508399714, 26.559415133677774, 27.883917475283738], 'lightweight swinir x2': [23.37192507035312, 30.300040605819035, 28.853169635435037, 30.986230035563402, 26.39558696315753, 34.36773789983391, 30.44329665650271, 27.246813328003597, 29.45606112786296, 26.522007735116084, 27.94829549973196, 27.57266533962722, 30.015223525376726, 29.481407287978357, 29.507458677973236, 28.284706635663923, 27.007539416138293, 26.77983419027398, 27.030533845735402, 29.41657934610238, 30.329717434706037, 29.70179014807683, 29.207601269899456, 29.038410954169002, 27.226589931192823, 25.63668232330569, 29.878344370709833, 32.088849483520015, 21.684128988551826, 33.23706669924642, 33.75284304590498, 31.672317940801058, 31.907775724673478, 25.322260791132777, 24.269613767786513, 29.79402155343962, 29.458129446619765, 24.46935387440897, 27.33705370885089, 24.94334428457109, 23.141260490417448, 26.994965236365495, 31.708455978471303, 43.76145085119721, 40.22747231307372, 41.26508883166708, 42.34236211248, 38.17211874862863, 43.03682298161383, 40.55513111402644, 35.457936183465634, 32.915003952003325, 38.86359634122416, 38.586828824183016, 39.741016188971045, 31.752522096093433, 29.849108676570747, 34.95848730907242, 34.56275700836733, 35.352307023545805, 39.51602925995886, 41.88779066637451, 42.02159683470508, 29.64818941632329, 36.14626776231269, 26.18766415725508, 25.510253069894766, 39.66440557919223, 36.896248571074366, 27.79022512294801, 28.980624626563255, 28.015335872703282, 28.216239166248794, 28.992841876110464, 29.49410308640987, 31.14274631336062, 30.3749718268138, 30.548600003769117, 32.12447509390644, 28.650146561051425, 31.636209155238255, 32.0759192280665, 34.38879588606055, 37.57671269472395, 34.62225970915691, 29.974570838587482, 33.39677595054521, 38.72389641559995, 26.720454674093396, 35.66730026098427, 26.906880631581544, 41.42871800429462, 32.04106654774834, 40.11334185985164, 32.18512537992541, 27.026096832686118, 41.53936539128796, 33.59946711701831, 40.29588161921019, 38.0562230394125, 35.73373316460151, 35.48236007192257, 37.248023207931254, 36.48896209802808, 34.872163989712924, 34.720740213749586, 39.8398431268117, 37.237927040919075, 29.621706354121674, 26.654889461492203, 18.776301930143035, 17.481986660062656, 20.199361334861678, 25.65004144656928, 24.300402846612023, 26.803732981029956, 32.62845335995263, 24.523977510805764, 27.818135386158414, 26.282639976828357, 25.662911850557222, 40.63004804768421, 32.256947501823, 29.917439367935135, 35.710365360599184, 30.723263612178485, 33.72253153827147, 25.445367832598752, 28.19365206778322, 28.40088977257693, 27.377465541170515, 36.731684355390975, 33.050869893503446, 33.240658299848675, 31.08479674117486, 29.75190918698425, 26.34228686771045, 30.98883454504003, 36.36026518150424, 32.68969635969422, 36.815628928160685, 30.6554143837231, 30.31361192224798, 36.13594009864761, 36.007142547994725, 27.82864363210528, 35.39144100234223, 27.053540405452562, 37.80959355710142, 32.23264163388698, 29.246113505834032, 32.3264238712961, 27.202970535934682, 37.07792331800077, 37.712953428872474, 24.010855724007723, 33.377272497945434, 25.952264369508924, 26.173505073507613, 32.58243437930497, 28.180113040037863, 28.826449808774907, 24.447726331551472, 27.408176608334752, 29.60938531954339, 32.65687750676993, 28.644543258974707, 35.66893880634766, 29.299214251554496, 31.89153473789243, 22.52825458438101, 26.84031656181616, 25.43669622352605, 25.57858173392995, 22.03837537905358, 21.20517407401006, 20.71734399838394, 18.092127787386307, 24.57239095023985, 26.3982880205732, 18.211846439557746, 25.796860922586916, 21.257292411563068, 22.501840075040196, 30.68966631850799, 36.750941256786405, 22.8970292901618, 18.881625757143997, 22.947531200052865, 24.65349188922805, 25.467146244791593, 25.0283069352663, 24.815340686652814, 24.2465185063786, 23.468311664036108, 36.050816166375554, 39.11875244853452, 34.70950818058858, 40.472578121355184, 35.7096505307129, 19.866838684871023, 31.970153538134376, 22.161678739096196, 28.595267498071077, 37.00898540864189, 23.221369780454147, 28.076159943482004, 22.151711207664913, 36.492022990006575, 23.427165577786234, 21.780028072953268, 25.53319353767727, 21.782788661487473, 26.12444193834709, 27.549921644915152, 23.702024011096988, 27.713450874513658, 23.498652164743454, 23.96503714365863, 20.883509162684156, 21.082641287557692, 27.266578494369398, 28.65560712654856, 21.41141546630714, 22.631714823888373, 20.446697689136087, 27.054518148681144, 27.25704529097094, 22.547093194871373, 21.323908652859757, 28.826417006169457, 25.97334910277064, 27.28254370871872, 24.405823054611968, 24.07090997054611, 27.523273350527766, 25.893351334008546, 22.610897099253453, 31.98643108397256, 31.012002011517414, 31.029752477929545, 31.230350216258195, 27.17005558840489, 28.292905070987647, 28.575322142850517, 31.43014917010911, 31.03249241249771, 27.578904494148055, 22.07831981061264, 30.61508097276617, 31.45531669656257, 30.63933715271947, 21.84729549164033, 23.767331396021547, 23.008562322436852, 29.016015463107912, 28.873317109476353, 26.55998527868465, 31.3017996431951, 23.29934908469032, 24.008546865456836, 22.864534191807905, 27.46960921161669, 24.71661163092048, 22.24492873324866, 22.81353529138729, 28.49423278637344, 27.159699109192793, 32.401242024782405, 22.397517438517554, 22.18888202725697, 22.491480790133522, 23.767824207382724, 23.444828128633098, 21.454830450575727, 26.39643144812493, 19.896386808518326, 20.673620576024856, 20.586140516174027, 22.922588427067105, 21.781466142642614, 21.972739186691967, 24.82786298070575, 20.28855072192776, 24.3481708649895, 25.120323021461203, 25.063934038688593, 26.74423867082746, 25.631398833305553, 22.02707405690445, 22.409209209475456, 24.00954967676954, 21.452349440627138, 21.670551342580925, 27.436363057780532, 22.672852558649765, 21.956427207345016, 21.59025469331398, 23.03752106301049, 18.674163630252878, 21.488616996595663, 21.873124759592297, 33.95001031462171, 39.36753179700588, 35.970977633718064, 29.908433141425444, 41.89018104160665, 37.45151694369683, 39.64939957862433, 35.16859318740862, 36.947585509364174, 35.384542890294384, 42.03415215104777, 36.72861466523529, 40.67809107915835, 36.085426461365785, 42.19486141926012, 36.41210574155354, 41.66097525902223, 40.27952030389541, 33.847739625980815, 38.55958998474039, 37.69668629805202, 35.57322784801802, 31.62987672137178, 36.598947337989564, 34.64874272997605, 39.792790053319976, 44.182785837051995, 35.90881951970519, 43.621105934184676, 43.3321964541399, 41.185512879342696, 40.97664903409832, 33.41094317666314, 32.265294364459066, 33.65852264980078, 33.924520106747245, 34.634548787288416, 30.722259322408448, 29.966031791509987, 34.84558489067103, 33.566915084748665, 34.533044110851804, 28.12588925178217, 33.5879971632776, 35.39488421230489, 28.53451742495327, 28.272164484732663, 31.887454571628382, 35.78081708721471, 33.94237122962166, 36.26833735098391, 37.79598785213434, 30.74353989841615, 38.423393318094895, 35.0772174527751, 32.79753385137107, 36.024171616544905, 36.02591361816888, 37.08125557516614, 38.50572868945734, 35.01575849351208, 31.40255403441809, 24.245025693319604, 31.98440248765644, 29.873193226063446, 23.013731649161294, 29.509100578665795, 35.529780192357876, 28.735014500101805, 31.70994818221082, 33.22910121469899, 35.6042142641709, 33.360589517390025, 30.283370016782975, 30.956599249598863, 26.601867143742073, 26.43462861904893, 25.9637772802936, 27.480873661110678, 27.609840507598726, 24.422712324105163, 29.88130327257948, 31.280628426333035, 28.35422023176358, 32.07684571787876, 33.4735736543823, 27.089954021452737, 32.81063415291078, 28.626509775134853, 24.83778879662781, 23.801777461699377, 34.88605023928909, 23.240270889844865, 28.08716746157797, 29.709275990714286, 24.043026090865133, 25.915499933991548, 31.285907176544356, 23.79833194415289, 22.741597458979385, 31.64180492269366, 26.05243315673328, 23.498318737106576, 32.96308746465543, 24.930807325875527, 26.447727385276835, 28.968455499081188, 27.916260660073572, 35.076021416529485, 38.6306078556263, 25.450504646687207, 25.39100625117008, 22.592422543052663, 24.29371356553004, 25.579461326536777, 24.316288515048168, 22.792247067473053, 27.38649802811093, 30.073511447019534, 34.11276143884376, 28.471149987994547, 33.84562757011358, 35.88921096783162, 33.56202146077675, 33.94793773434116, 31.781978897615524, 28.532008576412608, 25.323597232653906, 27.895539064713823, 31.860951624086237, 31.424220019910116, 32.75131672822611, 31.9646724202913, 32.33553056672569, 34.64209250235138, 32.825985198575665, 35.907465822415425, 40.029554836563534, 35.38736461922679, 38.76927330490681, 40.45988701976548, 36.87748434042639, 41.52713434557371, 29.094957760527215, 26.689071108659597, 37.62681053845445, 39.495670566753226, 40.87562414522482, 25.40235175478305, 26.6494035561665, 24.544720544429968, 23.306342978302034, 24.538785427093643, 23.18104098158933, 22.39651938922222, 23.624190395965407, 24.350697792248216, 24.988794000025898, 23.29327436030885, 25.164183612121466, 28.785657968872354, 35.4680294289206, 35.04384481380859, 21.368045758374127, 23.07379512338677, 21.373162575196794, 22.643477141117238, 23.081324845705666, 22.31023011970052, 22.197017032633035, 23.761904320862442, 24.640953816909477, 24.92320471986038, 26.637747715313868, 26.007186295193815, 26.88914496191226, 26.684664730198566, 28.58006682940274, 24.902998218368182, 25.223538734220263, 23.728430035747166, 25.885325443551736, 28.01807795155249, 25.628241083246692, 25.026505681942197, 28.09335522462267, 27.90062115197367, 30.00269644717154, 22.08145698588828, 24.793651078219288, 29.800535959288588, 32.520645475827244, 27.729033859485526, 31.278474543609885, 26.879062160170246, 32.0941530356154, 25.956145150716388, 27.399332671437246, 25.614125711941107, 29.233082148288045, 33.21020556530003, 32.16132652421826, 31.90227037197807, 30.966257664437467, 27.740420693549236, 28.64774840835708, 29.370172374346403, 30.07051825732658, 28.796958800246127, 25.87177009164469, 25.447372078108096, 28.401335652075463, 31.952924633579425, 29.962234610326632, 32.010913780073516, 33.09943439192472, 34.410535243500235, 33.93164933731247, 22.821357511519192, 25.720839516071308, 26.133138638551678, 26.587446499501077, 25.925488992149802, 23.985616917444172, 28.21254938413677, 22.899863578021883, 25.613538712311502, 24.039880013421232, 30.590053505119116, 29.268046688680244, 30.29307696824648, 29.046409284230034, 31.90140088610132, 23.580299298486864, 30.343061639337478, 27.264473593273596, 31.390095055548276, 32.14468598261059, 29.73640595573006, 28.692778297359887, 29.980509854622262, 33.97093435359058, 27.682723160512808, 29.551909217985354, 30.891746338634572, 26.945492056602852, 26.162598623176688, 30.10400913928177, 27.00506999866552, 29.70015105419025, 32.163321537964634, 32.685398360368424, 32.993588310692054, 30.074760136013122, 28.177535143070955, 34.898380990085116, 29.157136086901513, 30.45306892805085, 36.023289863062985, 26.813017611938875, 23.027569554605716, 22.60640447026023, 31.528876980122142, 30.079392982844666, 23.908651568363965, 24.967582212719535, 25.66483168178223, 23.664687611139623, 24.18128971200201, 30.47484780941106, 29.554942370332373, 30.245460599869695, 30.778258724674927, 32.49100005253182, 28.243334824036886, 19.120329361260087, 23.853420309600878, 23.6371368381283, 21.56253723664004, 22.84143339500801, 27.113232880068452, 20.837049667673355, 28.603219719778288, 28.90315009342389, 22.89115283644829, 20.351106600620405, 21.079984097879674, 26.16596852587623, 24.70977795892822, 23.65936941253168, 34.34965806151335, 36.493877663704275, 38.89468060239348, 37.55684031772126, 38.92207468244698, 26.183901424690703, 26.285540532646646, 30.922335706694604, 34.28337410871612, 27.366723419619024, 27.27752129290436, 26.975199373842123, 28.992789647150374, 28.093016725433113, 27.410699585076806, 24.335159420383768, 36.61144103077368, 29.616260801183493, 26.49258391422287, 23.165319724797566, 22.686406965030944, 24.95754957452869, 32.687453878836024, 28.67636642515261, 34.56564931825182, 29.242851479359715, 29.920231286001805, 34.139054961071544, 35.49405725100998, 22.35271183760633, 25.377766350259094, 25.567181975254243, 26.384470924191312, 33.11512765828625, 32.02925384450414, 34.960223980280965, 29.329515177032725, 29.027917658869956, 30.386084083847106, 27.855526390204425, 28.94681474087763, 26.7136278253836, 23.176270080640098, 30.378057171918613, 27.91023386132105, 24.89151747733368, 26.14053644671767, 27.681200867908903, 25.777579604681925, 28.229527879665376, 27.40128678048569, 35.1322968716232, 30.639313723355915, 28.02490390232507, 25.17263286743253, 29.87401801518359, 25.93759116825037, 24.690103357424775, 28.167973558817728, 25.585996230183284, 35.4238686305789, 24.607047819053708, 26.96999427326512, 23.040638852487398, 32.15122573616299, 27.2475984942696, 24.022234391879653, 26.318153788552326, 31.22680000394904, 30.204911888202428, 32.95974443016565, 28.298925606469254, 29.471603359077413, 31.821029401707595, 24.168743069037504, 29.83796444506011, 26.043342134287762, 28.94897704854506, 27.037562861590644, 31.34402619700853, 25.878364532326913, 22.965333530596244, 21.621406518588625, 21.703187182225033, 32.576862145292445, 28.76583615929372, 32.11979479441788, 31.271716939080374, 22.846775226957607, 23.337245752524236, 32.95312392993543, 28.956711919745814, 36.887229423314004, 29.80868619299279, 34.63611151371931, 34.16101559788391, 30.768668896358072, 25.25143911101564, 22.877778768741358, 25.905095578693246, 22.319151458376155, 20.806539936938524, 25.385508723188774, 24.208791436613843, 19.50967718862714, 23.57710863360765, 23.048214402731347, 20.89057218864707, 25.68152455739329, 22.157195239230116, 24.314747313076342, 24.843677183847063, 29.534748105033618, 20.297238784897182, 22.0826461159001, 22.243097086018725, 20.77901340888105, 28.493126271004424, 23.24621223520284, 22.187516987596876, 26.335656029074237, 28.67883322018299, 24.041665934027193, 23.902845471602635, 29.23153428821657, 27.268645937695307, 29.999870938653757, 31.12226297608329, 25.745264994032414, 27.072810549403023, 38.345107482164074, 21.563572393603575, 25.725053126726763, 28.490563102838284, 36.75545067477394, 27.573702053312566, 28.709201935482586, 26.482911768617107, 32.54743381237134, 25.301225314361492, 22.707813757501626, 23.09368825397012, 22.96255185569027, 22.741440542215564, 22.07539355692999, 22.65030607403817, 24.307345649655083, 24.023197843543308, 21.471257910051914, 21.700483293203433, 22.58930169851904, 21.17958028296418, 36.45488683320298, 22.0755794848653, 20.78875809342636, 35.33576007777941, 29.162425219487496, 32.550388737783045, 29.351812886634935, 30.560884864889072, 31.295858768209058, 28.836796446798196, 34.19032613821358, 39.745523307668904, 37.615921852515456, 30.203190427841754, 32.076106245779016, 34.12149682202059, 35.33262836312205, 34.88526870568107, 31.875502169063594, 31.298552980503807, 28.604420391045124, 32.58392292931214, 30.589229204997118, 33.04827291910491, 31.98967556401385, 31.59182872478002, 32.625995583284784, 30.967396343791474, 26.28580181050156, 30.509487320970024, 29.74558536273699, 30.867990070210006, 32.82435043214849, 33.58463713563548, 27.14472023450407, 28.753806082743083, 33.8818180812501, 27.422210928668118, 28.543429042541653, 32.99751080757824, 33.491713148354556, 33.015621586942586, 28.600699645478333, 30.90009051219343, 25.587547623632112, 25.659736917395215, 24.606121245260077, 25.07280521765169, 29.97020527543747, 24.79024947742724, 25.21473185467553, 26.65850051372347, 24.572691282170936, 24.83697295386459, 24.651710600796232, 25.54005308993858, 26.496286308628683, 25.97937623853364, 24.804677934951272, 26.97380882479038, 23.94745843362179, 25.959682753433903, 29.231220938187978, 21.90398613846039, 32.27758799183707, 33.12345837268582, 37.580214040306224, 33.15644855686485, 28.004886459537566, 23.27515453418424, 26.066934369311383, 23.309055410264424, 23.792097734837316, 24.88639487876752, 33.24150115922198, 21.387440886264294, 26.159094982916905, 23.259854235604458, 34.06976254962851, 20.50657591702928, 24.555416248465537, 27.760251862448648, 22.400216315273273, 24.29403977732242, 24.841632590177014, 23.216965364799556, 26.253339057886787, 26.202182899600995, 28.10836169944162, 24.549868042162327, 29.34717412322066, 26.698373295862293, 27.861025847795005, 30.92296857509433, 25.742554137395402, 25.84987401083838, 23.718296976581396, 25.940382433905583, 25.49712652494518, 26.07816660029638, 24.58205984502466, 25.099871374605907, 23.995542208760835, 22.306341505164426, 28.570261461048972, 27.408291183014775, 27.865252580897753, 28.645619136114576, 26.577611032865356, 25.774454809020526, 25.649872415883394, 20.94351548730687, 34.7901315633335, 34.70886914953708, 25.372741866405907, 40.875802696740024, 24.805732945766415, 25.669795479751304, 22.720656134877615, 31.25411941812558, 38.446261673310616, 30.80643196106097, 30.838918644810658, 27.355661170112214, 28.910871847371517, 21.732777747534357, 25.883076075636676, 24.363064632135437, 20.631022461731902, 24.674035251402433, 25.584854769284753, 24.101727794690223, 23.98679269594101, 23.899202177178452, 28.30667950616266, 22.330184784975962, 22.23756278767449, 38.35897335588763, 22.25175891341284, 21.495520169472226, 28.00173277526364, 31.237438802042078, 22.003452335850348, 19.24030941528264, 28.521041520193414, 28.48982885670248, 27.964171840989927, 25.64275908406518, 26.5162618773773, 37.31820288834989, 26.75672619597277, 24.461099825561302, 25.867272034815, 28.111613418381065, 25.346647881998507, 23.408158244932025, 23.126620237848563, 27.152176699815925, 31.10773287814913, 25.875002513574987, 25.527649430340908, 26.741305052988654, 29.440563609485828, 27.829338781535647, 23.768585937629638, 21.38116823074437, 21.220284762743283, 33.9233114937202, 23.680741102298263, 25.534192629354937, 25.11623002573081, 26.782977784158817, 19.580577953480535, 22.740979497598232, 22.005071076029576, 26.024227666669404, 18.609674357298132, 23.89140325597527, 23.670724494044755, 24.18422586624853, 23.553158232871706, 27.44165183657885, 25.818339124663197, 24.666406213230783, 25.673781372856048, 25.33657070394095, 22.47063753727356, 25.530377058512244, 22.041904332884698, 24.986872049711856, 26.11938645531736, 26.205421799824563, 23.714433590168635, 25.271325811859707, 25.411966924232082, 20.631794086643495, 17.222400800633668, 21.26849574364217, 19.171015076462414, 20.18292167126999, 36.76397131257326, 33.763231093361526, 26.930497288463414, 29.594104958531066, 29.591492496655242, 29.617448394166487, 30.4046940423664, 25.26402165869307, 24.969776491990785, 27.429988582417, 23.79302044642353, 23.566471064390786, 24.401955686081287, 24.875947343565066, 26.380258142072826, 25.02947355915599, 25.919974961674725, 25.737715344745173, 28.046873917904243, 26.677113719896578, 24.8823134260642, 20.68989047622729, 24.13964699632926, 23.39148065231356, 24.787457200662594, 25.192037328988643, 24.48728859877008, 22.701568427352825, 31.005899328704967, 32.35043110091465, 28.573187693137246, 28.205749656482332, 25.009005568057606, 26.332244604917268, 26.535004997827375, 24.43374222758945, 29.27844157769542, 28.035946209215403, 30.22177329377066, 27.893300706475607, 24.15849535440566, 25.45116906252668, 24.769690566210837, 25.88877477573133, 24.371441903331817, 23.538891956530318, 25.228836081128595, 23.217424812411984, 24.057757179187597, 28.476525225952432, 29.860036720975486, 26.11480731875941, 25.599414775045886, 31.812564593358235, 22.293472539193164, 23.793668161745977]}
ssim dict
{'espcn': [0.880647919933569, 0.9205548944496822, 0.9264878597602831, 0.9356438529408807, 0.9075233291817929, 0.9522659088606156, 0.9102362357465277, 0.9010659879570465, 0.934042920986117, 0.9273653527589784, 0.9151542162167504, 0.888371929321879, 0.933296371422495, 0.9353872610787114, 0.9350750446555972, 0.9276171303347841, 0.9048677224910623, 0.9188748033698475, 0.8920732946235104, 0.92753032192344, 0.9326038827993395, 0.957881083796342, 0.9364541732329618, 0.9520496503294933, 0.9342546263725107, 0.9393367928985397, 0.9501638839648024, 0.9575134555763254, 0.8855579305328637, 0.9592342986013933, 0.9579360092942582, 0.947875206156584, 0.9520729297890625, 0.8742735905031463, 0.882649456704303, 0.9099644891900545, 0.9259369032086657, 0.8991780445760881, 0.9324160341093523, 0.8939640916309264, 0.8846361487100928, 0.917999022059695, 0.9275480739830616, 0.9892772590909767, 0.9744754142190765, 0.9821072907256857, 0.982225580877205, 0.9641741548257683, 0.9874731798960941, 0.9765108134277815, 0.9523942909790681, 0.9307340441564009, 0.9704506147299639, 0.9699195765816765, 0.9646210174146091, 0.9026860891592133, 0.9009653890083639, 0.956109083146108, 0.9421007144320839, 0.9718308655896509, 0.9737205946488954, 0.97680698329496, 0.9775679302359874, 0.8840736518684313, 0.9426166576686903, 0.8272887026454163, 0.8168122353765715, 0.9732832747143525, 0.9734624634441034, 0.8957489180801356, 0.9303670153884199, 0.9325175259309437, 0.9379545440435811, 0.9408706834634376, 0.9475404299723934, 0.9513163764417292, 0.951300984320494, 0.9363298328497387, 0.9646051514741021, 0.937083169289051, 0.9542686656425184, 0.9660599982411965, 0.9734132882143652, 0.9801667365048602, 0.9751139574985855, 0.9650588428292667, 0.9727034605211604, 0.9811610429348595, 0.8711126929717157, 0.9571681417380377, 0.7285251085403004, 0.9855093982828449, 0.9567942851398851, 0.9841376704037957, 0.9729668201218817, 0.9060055948486058, 0.9858452772455654, 0.9610455856354897, 0.9794584396430513, 0.9806510933295643, 0.9787382956741597, 0.9785572266684118, 0.9665647911360533, 0.9804118289344466, 0.9416379839693471, 0.9519127231003747, 0.974784542974776, 0.9724606954305417, 0.9345385934877344, 0.8604128671392238, 0.8160226509508374, 0.7960925953562629, 0.8542775950175134, 0.8970589166154352, 0.8822004726765604, 0.9200875015989585, 0.9139521151365626, 0.8168664943055428, 0.9111180218075268, 0.9054256723997666, 0.7857426455745302, 0.9808949334645004, 0.9205399881180054, 0.8687437025219276, 0.9693117294574973, 0.9691747017832147, 0.9595121410442321, 0.8711122210229797, 0.9416467413037274, 0.9414951486052444, 0.9279090516866778, 0.9771467681554511, 0.9580399199915551, 0.9582713670166596, 0.9534753951709574, 0.9212813352936468, 0.8991272188060556, 0.9464032666384109, 0.9694040670158581, 0.9665329073365924, 0.9640426361550087, 0.9565295523698915, 0.9462841428548036, 0.9733447818332561, 0.9612940605245606, 0.872368589590621, 0.9656491843103819, 0.8768768237093811, 0.9723687158618662, 0.9575676396888082, 0.9505607225220791, 0.9569991352207584, 0.8219117821488396, 0.972016506208383, 0.9696984316640437, 0.9225299331590379, 0.971306688720728, 0.946350409495516, 0.9333959657295353, 0.9090963246379496, 0.8713618125863107, 0.9647628329993525, 0.9676423449407948, 0.9047027294008786, 0.8885441294415933, 0.9692146687691889, 0.9198624879049755, 0.9761880428572393, 0.8885700760819728, 0.8891711619909679, 0.8930050046683268, 0.9099033045672088, 0.9325874525320678, 0.937475165348268, 0.8545309079093795, 0.8841231552473418, 0.8577673285347089, 0.7657304807055269, 0.845756827494041, 0.9392126965215881, 0.7622588181411855, 0.9058380725030357, 0.8729210036750917, 0.8674820030287745, 0.9570648779647072, 0.9779820693221712, 0.8069745137428928, 0.8038770781050867, 0.8849454108306135, 0.9139491310696798, 0.9292054967206228, 0.9304447861498332, 0.9034158124271832, 0.8973100581521344, 0.8581143404005585, 0.9622843446890698, 0.9801065489275852, 0.9696106602312383, 0.9834005100511226, 0.9765167953888938, 0.864502641098686, 0.9502707434756955, 0.814130922025998, 0.9449514128006093, 0.9779559618017326, 0.8997926570880692, 0.9339241440078676, 0.8587992637196141, 0.9715233184307688, 0.8978975187986556, 0.8620983334967325, 0.9211549823416113, 0.82497400692643, 0.9249643236590005, 0.9444446223390329, 0.8979466404396078, 0.9395005994016495, 0.891439517480193, 0.9133879349790482, 0.8417913397138378, 0.8318601551908048, 0.8781655075928653, 0.9426648015287364, 0.8318184761586496, 0.8133126970870717, 0.8084402894670351, 0.9089456931291795, 0.9275726431416458, 0.8463000556515156, 0.8330716169063395, 0.9547990994473216, 0.9313362873326032, 0.915781352877634, 0.9078968304483639, 0.9025663048579147, 0.9381316811293224, 0.9440248066845299, 0.9035482798912875, 0.9638296608106586, 0.9563294518891772, 0.9395326923941604, 0.964312144649093, 0.9375073309670681, 0.9403367199998937, 0.9373942829766823, 0.9632670040682635, 0.9628835395552829, 0.9045330453187073, 0.884594486273062, 0.9319535097856164, 0.9625994634616218, 0.9521690866389039, 0.9059298239122845, 0.9092200934773594, 0.9001600703512386, 0.9429124600178674, 0.9377968629391902, 0.8913236415132763, 0.9567729663124321, 0.8998979829587356, 0.8589501933723226, 0.8411757297748946, 0.9152348435710554, 0.8448169836325892, 0.8426610074317277, 0.8251336177233147, 0.9333351825894486, 0.9471310665990721, 0.9616878051548614, 0.8564143861253152, 0.8341160696616048, 0.8686397215308278, 0.8698069022619312, 0.8714496272566971, 0.8325067180342771, 0.9347864415843761, 0.8253316107593628, 0.8477002653071893, 0.8448378019807776, 0.8575393763162454, 0.8450884431047899, 0.8681040117858626, 0.8924049178020089, 0.8013957014813703, 0.9404129551115002, 0.9346976013668888, 0.9099845720297672, 0.9531523508234189, 0.93795544931211, 0.9006030236939384, 0.9097826919777241, 0.9135643575301616, 0.9184063878008549, 0.8705319125818644, 0.9395608022839959, 0.8875282263166226, 0.9083256680041549, 0.913465738767869, 0.8986405494564834, 0.858597631670645, 0.8577584497927696, 0.858863194134222, 0.9329510951258198, 0.9613098400007923, 0.9155789053886443, 0.893198711288317, 0.9811789736378624, 0.9709365884812929, 0.9758856445147928, 0.9655481951356539, 0.9612228760465334, 0.953411686761604, 0.9822412065636477, 0.956534688576338, 0.9728429705071416, 0.955415715331394, 0.9817743103654274, 0.959113158024044, 0.9800866842739644, 0.9791374269383231, 0.908482599617667, 0.9685802028493531, 0.9659523242908179, 0.9547014950843309, 0.8424901307067443, 0.9621813405342338, 0.940111737316361, 0.9749080060259232, 0.9897869121462228, 0.9652715835574704, 0.986806152614576, 0.9838048918724878, 0.9785303176167583, 0.9724201478078419, 0.950922655355259, 0.9448330553254237, 0.9563399673907174, 0.9531647156568503, 0.9633474804099499, 0.9329499693134529, 0.8990270150782164, 0.9476362980384225, 0.9539352832315853, 0.9546651095573067, 0.8664241385870868, 0.958680610801397, 0.9637735811799556, 0.9307294666672057, 0.9132136638619038, 0.9575940830364014, 0.9613698180013387, 0.9556437308618718, 0.9625681149360776, 0.9587071681015825, 0.9161460984065194, 0.9618547259074053, 0.9548990314630937, 0.9264249614734047, 0.9604073900468162, 0.9485472969680697, 0.9546620035895241, 0.9594468486732465, 0.9478546874681806, 0.9292732346997015, 0.5987885903511622, 0.8623478021546533, 0.9269554551301774, 0.8443956203422807, 0.9499657432172213, 0.9796954230043377, 0.9188756865226869, 0.9674096225681756, 0.9701051071206876, 0.9779258703021912, 0.9582633921272122, 0.9534769214205425, 0.9446075141605044, 0.8943931631275363, 0.9346688026720408, 0.8910939322077364, 0.8893898827135718, 0.9097377205056734, 0.8146917937982566, 0.8647719968176513, 0.9400547288463272, 0.8748256414385129, 0.9491830436478775, 0.9173377028644571, 0.857932658330659, 0.9560339709372683, 0.8736983784653796, 0.7880995254217195, 0.9144488964222028, 0.9626364357874808, 0.9077734420859382, 0.9312973927630305, 0.9455150669875192, 0.8974292595772921, 0.9203335342815943, 0.9628038565422082, 0.9133988559356984, 0.8668263547631296, 0.9652248086777541, 0.8955389159254964, 0.8575110677795599, 0.9703610729681449, 0.9410832568506408, 0.9177130755684003, 0.9379998591211143, 0.9273710057640068, 0.9639667210133419, 0.9753633121263615, 0.9025149769970906, 0.8958179708212123, 0.8699633899602495, 0.927932828156766, 0.9285844275484502, 0.9045589404388955, 0.8574107672653867, 0.7207591253630934, 0.891524385998416, 0.895535510910652, 0.8476622316109169, 0.9542715335609769, 0.948507105935698, 0.9021311353650211, 0.9269067048640951, 0.8927631338529863, 0.9346587141140662, 0.7477345533028241, 0.7983567753078129, 0.9318229635259234, 0.9007193983479524, 0.9254593098423529, 0.9333701502590677, 0.9447774794157505, 0.9120380948961629, 0.8806814911810951, 0.9387472078347757, 0.9606633336570307, 0.9402654583127257, 0.972451278751135, 0.9790017924691575, 0.9565881223300655, 0.9804809095161128, 0.8245743473373949, 0.7830393346337288, 0.9738917490667169, 0.9779799011788344, 0.9834123828841839, 0.9114019677396852, 0.9239403500041595, 0.9070513789264459, 0.8737435622712915, 0.8426707394551405, 0.8748123358437625, 0.8742914984793247, 0.8857727448158955, 0.864354969306733, 0.874697590804672, 0.8693451686795723, 0.8545852898596742, 0.9322066874312458, 0.9714506067907394, 0.9712936020885906, 0.7993721736753567, 0.8869028288157534, 0.8522313775172068, 0.8767623798304673, 0.8850368829251586, 0.8803873307892126, 0.8412709500333844, 0.8817570811552752, 0.8495837334078826, 0.9065911485642577, 0.8982680033993428, 0.9267102896491751, 0.8447799730896904, 0.8797078469878067, 0.9288643995940826, 0.8757820335231947, 0.8775002355527407, 0.8397109333020283, 0.8713628184120591, 0.8923616050362885, 0.9185457612819742, 0.8937014188406873, 0.892809331065337, 0.9271142675189039, 0.905100535292048, 0.8887228172269694, 0.8318127479367184, 0.9018272892022015, 0.9178574888458602, 0.9275891061873518, 0.90663495580759, 0.9037614358439191, 0.9365022360818003, 0.9173712774533157, 0.9271392427215819, 0.9115546335471846, 0.941218942254849, 0.9458642697060186, 0.9368129739968898, 0.9504152097918025, 0.9398274602190652, 0.9276136196716459, 0.9361264411421604, 0.9236768877707922, 0.9140820397160305, 0.9276603269619889, 0.9052877254537993, 0.9087968891711121, 0.9143635691612456, 0.9091613955777533, 0.9267689798038012, 0.9081452903124833, 0.9671344754175867, 0.9715304814485806, 0.955846938784414, 0.8957600558128234, 0.9084625093960483, 0.9044086894159387, 0.9054555384026387, 0.8960097353621497, 0.8594184912208199, 0.9130543324456752, 0.8944901585485612, 0.9371937093884379, 0.9081233888404052, 0.9463350314267406, 0.9375421238547444, 0.9378883935051625, 0.9246899503432602, 0.950943873195994, 0.9263193126679402, 0.9536182346962311, 0.9193387592544927, 0.9638660084562811, 0.9514254810700244, 0.9583781502093317, 0.912692851737697, 0.9221287315662481, 0.973685484267706, 0.9294215941837595, 0.9300484873397366, 0.936045290267942, 0.9008459768914006, 0.9032720771319869, 0.9281987752873719, 0.8989603135526886, 0.9427212840146059, 0.9577986512373893, 0.9471908324844346, 0.9476210191477239, 0.9322192753746654, 0.9222414965250281, 0.9523312539701176, 0.9160353599017846, 0.9585795295239343, 0.9734725027566706, 0.9612716394973451, 0.928353562075379, 0.931843575046169, 0.9703566280556063, 0.9673496602692975, 0.950421644596697, 0.9564139121828075, 0.9590219126364585, 0.9027169500911745, 0.9372085222604294, 0.9643139654277462, 0.9640267395138347, 0.9647089660829241, 0.9537675024050936, 0.9772521078895925, 0.9510127843953661, 0.9167267350141675, 0.9303129112438494, 0.9024278845304565, 0.9075321518728917, 0.9273474427939387, 0.9564761685077918, 0.9109716512110653, 0.9574067296273423, 0.9634932888952145, 0.9082934514568348, 0.901659189283627, 0.8893412204529965, 0.9497034678725395, 0.9390776615886264, 0.9287734379378954, 0.9651291253362011, 0.9690321106320379, 0.9778599145923643, 0.9720963143425834, 0.9755309900230166, 0.9145366412987357, 0.9306496173565474, 0.958210703993313, 0.9765859770147732, 0.9587130339795616, 0.954111455141318, 0.9495585891940473, 0.9550072999150765, 0.958409021866154, 0.9150102258885324, 0.8605867281435541, 0.9753570257837104, 0.9525707365333163, 0.9034474497093744, 0.8724892381301612, 0.8546153451458274, 0.8420638337316974, 0.9703356605249245, 0.938298454148781, 0.9560219637289569, 0.9429223885762913, 0.9304143885093535, 0.951279837755614, 0.9736101838887531, 0.8643964590533808, 0.8820051393822936, 0.8987467783978337, 0.9183470499001853, 0.9225672185902347, 0.9496689006337657, 0.9424640610451435, 0.9342163109744518, 0.9330833012979295, 0.898466731424267, 0.8732099429184434, 0.950834264455093, 0.8792804554758099, 0.8906415963197389, 0.9428940497554619, 0.8419816361238007, 0.8990118041244157, 0.9135168758604579, 0.9357426245199896, 0.8864795548382544, 0.9076428303530671, 0.8629168394572054, 0.9617066085709786, 0.9421930129024849, 0.8881111129842962, 0.9008251606590539, 0.9164281393861858, 0.8553646015190679, 0.9191088536248506, 0.9145708766115996, 0.9244902417960033, 0.9648185352413035, 0.8945865175393303, 0.9228165791849188, 0.8264855765779059, 0.9163279263810776, 0.9117911098389003, 0.8617230837837939, 0.9328372020651569, 0.9109485987434671, 0.9191060046701919, 0.9115816741794185, 0.911388825809096, 0.9201903157498816, 0.9361935514134426, 0.7473546183596618, 0.9381828053375862, 0.8024690009227252, 0.9468568454408923, 0.9303629946940563, 0.9434051481317881, 0.9342042377712324, 0.9373885571936826, 0.8864988148904198, 0.8949454046536903, 0.9623262871623401, 0.9485093863040328, 0.9609851375781757, 0.9721721927411653, 0.8737382625058532, 0.9131747686953641, 0.9500438829959345, 0.957462521885602, 0.9808988791999644, 0.9674131532008766, 0.9746064244857716, 0.9707173668525939, 0.9561749232528776, 0.9506035114029064, 0.9397588461033615, 0.8944010598609591, 0.9006876006165838, 0.861411431244818, 0.8747309669280858, 0.9348991559644163, 0.892975616275061, 0.9497758044476194, 0.9344989750217214, 0.8990030606355743, 0.9522536142872462, 0.8828775726991958, 0.9506933603626686, 0.9273656432215536, 0.9617257175407943, 0.9227055634340641, 0.9404669342461939, 0.8206348121100951, 0.8677058480292937, 0.923316136397941, 0.8762005189881031, 0.8006271664681606, 0.8880900254015277, 0.9412059945767995, 0.8853109360814533, 0.8865575452489411, 0.9190147280243333, 0.8984186839637841, 0.939318251377057, 0.9472392599109066, 0.8998294048423319, 0.9142786563834332, 0.9762727837763303, 0.8634943138625664, 0.9426157981495658, 0.9488301632898123, 0.9716171434346701, 0.9411830793717954, 0.9101468164845877, 0.9316797349656281, 0.9347899820664088, 0.9410729753389269, 0.816401358728568, 0.8579918563065607, 0.9209385043353471, 0.867200581667545, 0.8662138934090443, 0.8560727520309893, 0.8568094988007843, 0.9005160901452771, 0.8215818169417518, 0.8461118699665466, 0.858812972801503, 0.8539539185817083, 0.9710347822444086, 0.8714563257039863, 0.8376865626770584, 0.967842563878511, 0.9410775499007762, 0.9658892271999253, 0.9092911952329461, 0.9420687742905454, 0.9664810002764573, 0.9413550955570614, 0.9447194011697444, 0.9777406021143218, 0.9807826550550228, 0.9254891459643695, 0.9286141205718379, 0.9561983439396331, 0.9481703543357383, 0.9619953667518767, 0.9382603880227046, 0.9186164404004602, 0.9052785395131066, 0.9403725241056797, 0.9088264217403142, 0.9304329248628949, 0.9390516364037411, 0.9188614406871335, 0.939156446261986, 0.9187065362080791, 0.8603342119781822, 0.9431636868753072, 0.8828943676786845, 0.9240255946103325, 0.9107803942637459, 0.9143287840011487, 0.87320555916216, 0.9427072781208858, 0.9618814028091717, 0.9163472172529225, 0.938989851697499, 0.9504983654224451, 0.9521136373770019, 0.9492092623695715, 0.9040312532804778, 0.9185439804634618, 0.8715380624779833, 0.7485225658217479, 0.9313610384791376, 0.9387321245097113, 0.9522957655486377, 0.9276357942607466, 0.9276316451398634, 0.9466367972083587, 0.9280749131641142, 0.9335287129228191, 0.9247837508187399, 0.9167895248780615, 0.9329313062457649, 0.9411900921422169, 0.9253698904441414, 0.9514284075585344, 0.8948703114940816, 0.9427347093498718, 0.9535170484115072, 0.8162148718772347, 0.9619008318461414, 0.9619353256128017, 0.9791178863355254, 0.9584853249258988, 0.8643442432260655, 0.8113149973733894, 0.8604178967505052, 0.860115575437791, 0.8551442081106444, 0.8186191877966635, 0.9650094268688375, 0.8353860463488343, 0.899447909607453, 0.9124617333468045, 0.9604605543308766, 0.824551776527096, 0.833283534066046, 0.9127494616440943, 0.8533059559215962, 0.8763002932854959, 0.9084920856443082, 0.8829541114421166, 0.8942831737726809, 0.8848667352514611, 0.9006124445139598, 0.874383839350262, 0.885711441243179, 0.8330591173241059, 0.9207307777062944, 0.9435587354487346, 0.8175848973537257, 0.8153122945430834, 0.8765626303060172, 0.8861233835432598, 0.871484127825369, 0.8839509555333589, 0.8818267562290591, 0.8728327195980283, 0.8567305386315633, 0.8321484021474609, 0.9029434588841149, 0.9080619858104452, 0.9442640273695554, 0.928726441572389, 0.9158667307449405, 0.8979207637761975, 0.9054575462164622, 0.8037180669424981, 0.9641697197961829, 0.9668839565639218, 0.8850371154827699, 0.9831340596483498, 0.8972881152694165, 0.873435398839236, 0.8781529297362101, 0.9505160342530263, 0.9778111321096173, 0.9553191965875374, 0.9562675079043887, 0.94797688092769, 0.9538756546539611, 0.8802201768196051, 0.9163778833992823, 0.9252713525682228, 0.8510816613434022, 0.9086793209389799, 0.9456035094832477, 0.9254747157754307, 0.9067350452961894, 0.9222515345658617, 0.959633438315697, 0.7803924149130257, 0.842442409039457, 0.9754981475486136, 0.8372356772661853, 0.9001423664000988, 0.9334988377559483, 0.9483379699648796, 0.8675179300814401, 0.8783263920291412, 0.9551367659982223, 0.9490652667949987, 0.9267981842711775, 0.9164565981625458, 0.9349234850324327, 0.9746159919730307, 0.9320865338134736, 0.8201057236542868, 0.903063904952602, 0.938677313596033, 0.836166432872508, 0.8597932075564446, 0.8974238329620243, 0.9233455181766381, 0.9480476498593328, 0.939064538184077, 0.9064073293129058, 0.898118326464638, 0.9383346871300416, 0.9342867114990958, 0.8752238027049863, 0.822752790568958, 0.770236038070538, 0.9694963952799543, 0.8788621821271428, 0.9091488177703202, 0.8450542558490841, 0.8813994970341426, 0.8770880537117502, 0.8536536652986357, 0.8849099082356187, 0.9240513654149503, 0.8227052214756065, 0.8762671384776958, 0.852598083221518, 0.9049579376951997, 0.8667251430396159, 0.8960729483403648, 0.8471894511284759, 0.8793711441541805, 0.9019264105756053, 0.8635654081104054, 0.8537785788371165, 0.8854736759467481, 0.8590853917452839, 0.8310250670885465, 0.9200250777304856, 0.9090584962262827, 0.8171476680037681, 0.8540478425834503, 0.8636683525162188, 0.8435184659337526, 0.8542417667766472, 0.8385679260807265, 0.8529451740870192, 0.8353958570125526, 0.9680063299739633, 0.9602608473586336, 0.8967249952074363, 0.9390224620667333, 0.9421616099968951, 0.9299508646233966, 0.9260175300365329, 0.8758078837191607, 0.8801569749428246, 0.918430863137295, 0.8920521413872186, 0.9060487701254404, 0.8888530326850019, 0.8802693617809483, 0.8782690426236035, 0.8945258142323319, 0.860183119920915, 0.8656993808716097, 0.8377382097676916, 0.8827501584423989, 0.9332386071883664, 0.8673034991808796, 0.8517261601395304, 0.8803358416088137, 0.9265885720785503, 0.8390494107877841, 0.9169390486637038, 0.8867790065679132, 0.9517778681423809, 0.9618438074437233, 0.9315743560513526, 0.9368712247925358, 0.8090112064574955, 0.887844903607576, 0.8261486619763673, 0.8987229440777944, 0.9516113761772454, 0.8952354516618063, 0.9464160697502889, 0.8884600094656421, 0.898820154944548, 0.8984160304227289, 0.9062939179287928, 0.9301514419799263, 0.9090886661653159, 0.9234573365462231, 0.9255959288287368, 0.9246286457899696, 0.8171327689159444, 0.8993016776606638, 0.9524845585965935, 0.9153329525283925, 0.9199839842859023, 0.9448150412967283, 0.7984818909701799, 0.8261056421800279], 'lightweight swinir x2': [0.7810610201267554, 0.8782333902761995, 0.8805244939894383, 0.8965708647559412, 0.8496692665112877, 0.9241655424501916, 0.8666781760180485, 0.8435202771065041, 0.8898579349723362, 0.8737342411453116, 0.8678260193906374, 0.8362999732241096, 0.8941988924452905, 0.893597327528194, 0.8944657008961484, 0.8714167391431662, 0.8523003244454153, 0.8540460891352853, 0.8353952680916411, 0.884598297618063, 0.890158224967384, 0.9222123228267926, 0.8962042420572961, 0.9106632586346518, 0.8845067721713658, 0.8778336485463533, 0.9152916548699017, 0.9257024566464488, 0.8188416087135627, 0.9127032969530368, 0.9224058322968245, 0.9004095054225977, 0.9120628030111492, 0.8245246656846006, 0.809312012040575, 0.8692595644221872, 0.8818028722525685, 0.8196328925399418, 0.877758227561788, 0.8457594787008982, 0.798749337738378, 0.8672073193410694, 0.8714394560000227, 0.9876984461844036, 0.9594586899081742, 0.9740788936030385, 0.9756835340044286, 0.940933158119917, 0.9843773411144522, 0.9646871857662659, 0.918939203445156, 0.8814774755530799, 0.9514243855648736, 0.9537968324171372, 0.9497421116741358, 0.8473766938258029, 0.8496765603229373, 0.9271682416889502, 0.9015451130206238, 0.9524017672320214, 0.9608152060014911, 0.9706499020157549, 0.9707648511153593, 0.8231032498665165, 0.9079470697249846, 0.7506027439102096, 0.7583337663596912, 0.9615109718119256, 0.9555578474910825, 0.8362260975787795, 0.8762067141319747, 0.8789160474969442, 0.8964951626717143, 0.8927472068647394, 0.9025237565473847, 0.9135955883673442, 0.9129986750417096, 0.8782132616788563, 0.9358786365433284, 0.8915875873210568, 0.9180032866137663, 0.9367133538488758, 0.9487907738216546, 0.964838204923542, 0.9544125785168889, 0.9309846882075457, 0.950269153080265, 0.9683689979054521, 0.8119345214072502, 0.9302984460676429, 0.6895753712350733, 0.9799816478082942, 0.9259026256722414, 0.9752018742514127, 0.9497392909573042, 0.8494002911020713, 0.9805343514725571, 0.9286810579402238, 0.9665788889015597, 0.9676786663188796, 0.9639452691474306, 0.9641583087282571, 0.9461876106130508, 0.9654258362872377, 0.9010971728412468, 0.9176264776862251, 0.9619776234289666, 0.9530349973376631, 0.888255606859697, 0.7987614374867007, 0.7419030497816052, 0.7056912330166399, 0.7688895518721969, 0.8449351256865489, 0.8179704204861352, 0.8651007511954254, 0.8639972659518343, 0.7511099973615885, 0.8711043970189902, 0.8702743030630109, 0.7152271748510561, 0.9739966139486746, 0.87300821243561, 0.8007323137933795, 0.9511324041123538, 0.9401489658406923, 0.9407693658601622, 0.8157037123631159, 0.8935669219689996, 0.900278815715742, 0.8713647230563445, 0.9588955800844566, 0.9328547764974677, 0.9267394883420127, 0.9171906793273502, 0.8739740664242339, 0.8450282836718841, 0.9066285608359601, 0.9482107740344154, 0.9340529936026957, 0.9366613776127721, 0.9226127671135892, 0.9048264668992397, 0.9540096783623423, 0.9343980937883934, 0.7956979043678073, 0.9429512799318102, 0.8070707060314777, 0.9567360076101002, 0.9310432919386643, 0.9108857039447633, 0.9154244998831416, 0.7401644921971401, 0.9554259247121373, 0.9501619102024673, 0.8768991702362071, 0.9571867012985668, 0.8942199696801725, 0.8808513737941094, 0.8522616051708338, 0.8094578841401362, 0.9241481325959316, 0.8988672463000494, 0.853288108014292, 0.8446653241436246, 0.9467148425688547, 0.8848807224403782, 0.9629720785702587, 0.8258980437824464, 0.8283137153348306, 0.807971100615564, 0.835523759581668, 0.864973565403556, 0.8793472122347846, 0.770873403967709, 0.7679884869862585, 0.7641547714544572, 0.6584050044552471, 0.7823126238911686, 0.8830310224672361, 0.6555074982219394, 0.8455840283054881, 0.7735750558470439, 0.777096214943629, 0.9146778007905408, 0.9596783407811461, 0.7057298832237777, 0.7286710262830522, 0.808408048907324, 0.8548460005494308, 0.8676454012265075, 0.8636707698345842, 0.8431919007607994, 0.832549207040928, 0.7926427993926898, 0.9343323987635982, 0.9708758403159206, 0.9490250813667107, 0.9769982669042251, 0.9567474644310245, 0.7924153697012833, 0.9146859559329594, 0.7273577682080066, 0.9061426371014651, 0.9648819060391804, 0.8365321747451357, 0.8749043347342348, 0.7860932267061147, 0.9495058728267683, 0.8207680557287024, 0.7828926298479635, 0.866344616884835, 0.7615396638515222, 0.867537659227402, 0.8890525270864201, 0.8207002683418545, 0.8799784810985469, 0.7980125842460772, 0.8354874278235679, 0.7432011704700576, 0.751636702544141, 0.8065062729626655, 0.8938946731726952, 0.7425935261097856, 0.7295251033304413, 0.7177988268594958, 0.8550727239278132, 0.8820452703990368, 0.7848738327617303, 0.7686867085863633, 0.9139227502093323, 0.8778841396157955, 0.8620554709962825, 0.8444969174428697, 0.8372779436779032, 0.8899977000693119, 0.8851880627312944, 0.8259514547523243, 0.9337298253783388, 0.9177038442998651, 0.9024334897693451, 0.936858693520998, 0.8895198228642764, 0.8953001253561799, 0.8931908721205396, 0.9322425635387518, 0.9318655580837362, 0.8408886632681453, 0.8199832415908609, 0.883406373191157, 0.9258150890010011, 0.9137019303474101, 0.8231034115367798, 0.8433924636492649, 0.8280877655411053, 0.8982325425865562, 0.8943836240579432, 0.8445036041375168, 0.9232080796240286, 0.8154588237330229, 0.8077663738388834, 0.786539500897872, 0.8659436741261077, 0.7777553591597502, 0.7681917064820788, 0.7493860201888317, 0.8872288417664658, 0.8904583140829487, 0.9310952185431893, 0.7962213562153548, 0.7573934331466244, 0.8016656560131574, 0.8078308428164397, 0.8063494363375332, 0.7468263288110245, 0.8768913476691179, 0.7141543389576916, 0.7770414504039225, 0.7735803010091736, 0.7833211988928519, 0.7666019477115951, 0.7829423639747772, 0.835349774914235, 0.680761104477587, 0.8727341362337617, 0.8711603424554015, 0.8505685112599182, 0.9136902320253081, 0.875120933593318, 0.8321443608261636, 0.8419654368182764, 0.85106485637971, 0.8388074539194712, 0.7994963537589741, 0.890485374046039, 0.8084162652951239, 0.8316453172726949, 0.8409390042459352, 0.8240461568516763, 0.7313346511456951, 0.7758749278911349, 0.7655750885274767, 0.8877754010816373, 0.9392721146173885, 0.8718701667979609, 0.8326912691549619, 0.9726407194219846, 0.9522012990565789, 0.9653475136178151, 0.944104443562607, 0.930641492127967, 0.918707699053514, 0.9734527754014136, 0.9290647603778867, 0.961190904420546, 0.926550488324518, 0.9760251149157466, 0.9326205610877379, 0.9746235764170278, 0.9712911664708828, 0.8579606320806844, 0.9536976458954392, 0.946832972990826, 0.9239755166626618, 0.7817061046310857, 0.9383446551874225, 0.895937369301188, 0.9584553048791759, 0.9887747204442355, 0.9390414310249521, 0.9834537429892369, 0.9796809135622616, 0.9718021742596434, 0.9622494909194627, 0.9162514671150611, 0.8905716288596297, 0.9060459490716977, 0.913170179582663, 0.9267888819374008, 0.8635028913653793, 0.8097106868195778, 0.9056235275715512, 0.9003867635048027, 0.9012570559076173, 0.7831714127639737, 0.9125591439059285, 0.9324979680700365, 0.8940126101080194, 0.8571881132587506, 0.9143577612422827, 0.9356863387252992, 0.9132716968540432, 0.9254278707439991, 0.9354972680263158, 0.8657879351363514, 0.9319854112703627, 0.9238810266959688, 0.8778362415302715, 0.929330418260351, 0.9154045926847719, 0.9264266604818435, 0.9359949130092416, 0.9097230137014112, 0.86086307416333, 0.5520073561570461, 0.7969045515069892, 0.8864541844993317, 0.7703801968226005, 0.91927409330486, 0.9622095259341914, 0.8754963001148822, 0.9400378544394111, 0.9483393178513395, 0.9569776369624221, 0.9293640806875928, 0.9126217614394808, 0.9048570708391647, 0.8228752615781824, 0.8637386177419235, 0.8075196531228256, 0.8182161735554369, 0.8500219255304429, 0.7576741695687025, 0.7834853508236855, 0.8950762603832644, 0.8188016611046672, 0.9116112416772586, 0.8628608483475319, 0.798779440788897, 0.9220885764578481, 0.8124604087151129, 0.7121866668909207, 0.8603398443874785, 0.9312409838764367, 0.8368433419013291, 0.8801008963386078, 0.8953430705469688, 0.8364642740204655, 0.868512124351471, 0.9277520885056424, 0.8539775508588734, 0.7813651588710757, 0.9333411009138411, 0.8525287841080575, 0.7981127007469966, 0.9427323786975571, 0.8463139505186482, 0.859981966493561, 0.886243528087505, 0.8684186490680093, 0.9304891782055442, 0.9604888636914762, 0.8445191934287892, 0.8060173287592025, 0.810739119890661, 0.8544057148488241, 0.8721350377531993, 0.834228900890828, 0.7815731060303516, 0.6650640723260323, 0.8409402119446904, 0.8387463369158843, 0.7902308003266633, 0.9208750983156776, 0.9129253750687623, 0.8486838185779716, 0.8782045677353948, 0.8293997064111607, 0.8743532895426123, 0.6562369132414945, 0.7282833874021494, 0.8849456573246539, 0.8516030393014034, 0.8702339616226193, 0.8877540620815209, 0.9011870537154726, 0.8519292107352586, 0.8154697239555163, 0.8922537000921342, 0.9354460945279771, 0.8915779875909924, 0.9484063687239027, 0.9605558419936105, 0.9169976507419485, 0.9664630871366037, 0.7500718569160919, 0.7277545691992617, 0.9574986835839608, 0.9660669177575577, 0.9771063090306689, 0.8360515773372716, 0.8613115951905684, 0.8260808634216621, 0.7742016500876946, 0.7524036725685342, 0.7877454566565286, 0.7787608000972321, 0.7882452293007257, 0.7794821581969907, 0.7897105619791324, 0.7808131182181105, 0.778457745877828, 0.8759523406115624, 0.9504405416304806, 0.9501355360081346, 0.6989351651766083, 0.7973498096210865, 0.7569727745754656, 0.7947858984898662, 0.807485981122199, 0.7849192205574805, 0.7488206953348867, 0.7995514015755015, 0.7844440602124203, 0.8367841243452574, 0.83534169975529, 0.8677652437743166, 0.7756563648952243, 0.8188427213956762, 0.8817169466936835, 0.8047887402387566, 0.8061401054185144, 0.7785036738635047, 0.8090062582775005, 0.8395524582043952, 0.859175796028191, 0.8040591847638199, 0.8182954459564611, 0.8531769456723125, 0.8315833269982321, 0.8173419067503591, 0.7609449104235089, 0.8429551238827777, 0.8593925440775475, 0.8751375236989989, 0.8596600377068826, 0.8537255877006477, 0.8906591894345527, 0.8591261625128299, 0.8774354819941281, 0.8560794756632799, 0.8988892737921862, 0.9000295147034315, 0.8846080398617018, 0.9109320783500454, 0.8939480857080723, 0.8807283022233923, 0.8836190352406862, 0.8737399660150723, 0.8662612640902771, 0.8775735605874532, 0.8457704035874476, 0.8511534023570939, 0.8506032800588657, 0.851185509097711, 0.8788115793541973, 0.853465795442652, 0.9394789414819109, 0.9481691685461768, 0.9232698673272791, 0.8109194356514788, 0.8570538052340326, 0.8445844629085879, 0.8546351346790554, 0.8364927402764007, 0.7988374481917359, 0.8679408126661691, 0.8234414591329798, 0.8894806130543425, 0.8566288489207425, 0.9044666837743841, 0.8905032406438916, 0.8802600471988666, 0.8746166556395203, 0.9121829569969658, 0.8733009982853807, 0.9169913680274218, 0.8653281469840055, 0.934347249099426, 0.9188732686927523, 0.9219801230944329, 0.8664875512429067, 0.8647009279805382, 0.951488482258443, 0.8769270282736031, 0.8862337037701299, 0.8870926756908525, 0.851026029796676, 0.8434513010451158, 0.8817358686086489, 0.8470696369158993, 0.9011813474686251, 0.9254114837973626, 0.9084671086557347, 0.9059307717079538, 0.8863706452498331, 0.8727582470626044, 0.9174829994513883, 0.8613458790707222, 0.9203625243009829, 0.9558974569141954, 0.9227559337564735, 0.8524453430502787, 0.8583651341282621, 0.9473441579281341, 0.9415665599053069, 0.8919801184699094, 0.9092263489073565, 0.9167101701628579, 0.8237542962663247, 0.8749732040392694, 0.933798577751839, 0.9330547242974008, 0.9378094175791569, 0.9021416863506435, 0.9559450353950342, 0.8993119577143184, 0.8133482297101585, 0.8689746764948599, 0.8381402969361125, 0.8368123725334347, 0.8715399988141525, 0.9109804990810514, 0.8164200283483609, 0.9090288070356862, 0.9222992821371391, 0.8370499022448997, 0.8300302631355975, 0.8049679267942944, 0.899224821047426, 0.8829522964283144, 0.8751203321836825, 0.9250234045394504, 0.9482592529847026, 0.9655032370090547, 0.9542606532642979, 0.9620440356014863, 0.8326832300189375, 0.8346868745953275, 0.921019230071491, 0.9587310274835188, 0.9088507691922946, 0.8981242868436666, 0.8925498010434059, 0.9160271174367378, 0.9050952530809901, 0.8425440716931034, 0.805375517974727, 0.9596288551572356, 0.9170512757056359, 0.8368484247620498, 0.7830302530089714, 0.7758987141249799, 0.7785080758621, 0.9390956768609836, 0.8642558537244054, 0.9242782610205071, 0.9024273905205997, 0.8711384661388736, 0.9145526635060589, 0.9547504167979639, 0.7685014796803412, 0.8144055376944989, 0.8502336069119643, 0.8530897817178809, 0.8812493652405361, 0.9152336648109721, 0.9364961254742354, 0.894299903809823, 0.8866550887897438, 0.8445846449470521, 0.8217865512261684, 0.9163996669483893, 0.8311868278266852, 0.8429344191385352, 0.9109341294059867, 0.7878878613772206, 0.836845310168459, 0.8701897095915344, 0.9081973897944068, 0.8180812387407099, 0.8585117700622176, 0.8174109881724899, 0.9423195418069138, 0.9070496208819387, 0.8256168633611943, 0.8289591260345154, 0.8768517463980905, 0.782835875246713, 0.8655028179887251, 0.8653596539671227, 0.8742334508627602, 0.9378679126082989, 0.8265241487493433, 0.8655739636986922, 0.780480845387595, 0.8824449921669398, 0.8586350985059947, 0.8106299325727363, 0.889595634910828, 0.8657561995793956, 0.8508117586489098, 0.8705580593840166, 0.8621160520128263, 0.8776525190063261, 0.8975301148606989, 0.6861944322864569, 0.8904461222320591, 0.7293254430634656, 0.9115680768921041, 0.8925896587589955, 0.9065738988859743, 0.8967969239566268, 0.8813881701442356, 0.8093268153621074, 0.8385171955012245, 0.9336570204492789, 0.9146829924336197, 0.9327162168024759, 0.9461011983009656, 0.8035927149939536, 0.8611696741265626, 0.909973767391273, 0.922576977286575, 0.9659278033137545, 0.9359100087780844, 0.9565922155495186, 0.9494744768985485, 0.9278827413244376, 0.9059167761942637, 0.8831093388230808, 0.8417100746987427, 0.8401113856186573, 0.7913095617523446, 0.8137803940454188, 0.8996617951558206, 0.8236037791357047, 0.8983498341705037, 0.8806696705218061, 0.8350527435201136, 0.9111272886667309, 0.8137216681106244, 0.8991522840608549, 0.8716317651820294, 0.9347989234735845, 0.870551970249408, 0.899887904642039, 0.7472841422609825, 0.8009989182591667, 0.8773213947797003, 0.7820855485517478, 0.7395917862251509, 0.8374214072344375, 0.8925370231280132, 0.7969549235682858, 0.8101393181946306, 0.8789063605554404, 0.8502970420812128, 0.8915087485274095, 0.9072853440390918, 0.8370338484786786, 0.8545695759245334, 0.9602253397649119, 0.781464352810529, 0.8801586991481833, 0.9041377588458951, 0.952711478383703, 0.8903590106963468, 0.8419642974552101, 0.8499725957147416, 0.8871338824607905, 0.8905145816499681, 0.7219564891437982, 0.8042347762161698, 0.851307839069224, 0.8075793090939578, 0.7945154722084313, 0.794484194685554, 0.7992020936847444, 0.8286924921071314, 0.7535303304198817, 0.7816658802638202, 0.7945254029352331, 0.7770052541148207, 0.9476804786228835, 0.7973008242145161, 0.7537438101725304, 0.9430298551173267, 0.8984563970713808, 0.9390970701700998, 0.8491777514696257, 0.9021159762861455, 0.9405250832296798, 0.8990865761388724, 0.9038812768078882, 0.9660314992942355, 0.9683110806557886, 0.8651795277512351, 0.8794609830568656, 0.9222101201789635, 0.9100552297385262, 0.9324806052833201, 0.8890181448111856, 0.870740591888841, 0.8516245010290922, 0.8928681405862747, 0.8527342947888575, 0.8845819839068845, 0.9023930304260113, 0.87157565275517, 0.8975018942340137, 0.8650969023072075, 0.810829688543102, 0.9069548618304794, 0.8269679243312789, 0.8826430438853271, 0.8631266639291632, 0.8650837434166804, 0.8146074993455349, 0.9058164372704184, 0.93105096288582, 0.8710200688941578, 0.8985595593919847, 0.9199895520489719, 0.9253025965852955, 0.9100876967235971, 0.8609495880661016, 0.8695182696384476, 0.8167432601764646, 0.6902080260823574, 0.8708076660903599, 0.8858561335267383, 0.9048512850242528, 0.8605255238473435, 0.8731875535492591, 0.9005499403663656, 0.8691951880750146, 0.8789450323236139, 0.8723898849931226, 0.8542737927401387, 0.8811162436524539, 0.884098092514398, 0.8688826994093118, 0.8990738476714627, 0.8351397637777915, 0.8876620592926662, 0.9155616429119406, 0.7473342175395508, 0.9360302288254533, 0.9343150054058779, 0.9668118378574165, 0.9248584510900318, 0.8150267895274309, 0.7298876105386402, 0.809130349818459, 0.7904588046480452, 0.8048951868826809, 0.7623817182936798, 0.9355830986017105, 0.7694468910121983, 0.8375406274211888, 0.8545152996464501, 0.9263156757565479, 0.7049853602911025, 0.7588606935410609, 0.8637873604511519, 0.7498136255399078, 0.7981741446404607, 0.8267418411964814, 0.8044880089356253, 0.8246010700930452, 0.8141207456790649, 0.8442625839527098, 0.7844457615561137, 0.8223585752947875, 0.7698487993674595, 0.8602718589130608, 0.903512443835853, 0.7516573782864139, 0.755689957509422, 0.7843197938718234, 0.8186988008518264, 0.7988355049519107, 0.8102079695351312, 0.7890253605078781, 0.7876131527796554, 0.7654259810089632, 0.7363630792167097, 0.8418918360854326, 0.8427420717281466, 0.8971605913354306, 0.8790345584461422, 0.8450160529441663, 0.8259764780932004, 0.8653959784477269, 0.7093966481994125, 0.9351105399863177, 0.9421373469605586, 0.8126802596073107, 0.975733835545696, 0.83366977429917, 0.7972660356918164, 0.7977435191187737, 0.9074314197123619, 0.9661930618214416, 0.9123153733149365, 0.9212803339978266, 0.8990473182790669, 0.9041162590391614, 0.7926997612300273, 0.8555123635472989, 0.8506191509891177, 0.7538802790698914, 0.8471973198091665, 0.8884921173735727, 0.8449284849521235, 0.8434934070637781, 0.8590484507525125, 0.9265323433573995, 0.7133222266273463, 0.7541310565640945, 0.9614198384220004, 0.735455839326452, 0.8208592116273645, 0.8810967280166282, 0.9094643086753024, 0.7963814677984598, 0.8029224033867234, 0.9242475583219263, 0.9023927312981247, 0.8649820904192755, 0.8587055361435066, 0.8801793095325267, 0.9544360622218198, 0.8718258664973328, 0.75062484929194, 0.8464944946457309, 0.8944036207135443, 0.7763027106548217, 0.7880149221244063, 0.8307290059640525, 0.8524711635992637, 0.9018787284892107, 0.8795561205564684, 0.8529463705093462, 0.841966066993839, 0.9011465055496999, 0.8878994836476961, 0.818401948158565, 0.7324448525498783, 0.6690795002626827, 0.9405041395510708, 0.8070682914809192, 0.8498135468439755, 0.7882330172520967, 0.8244383655188491, 0.7662157693979497, 0.7762533761805457, 0.806836685184084, 0.8750108454957977, 0.7327137250593707, 0.8179256028513014, 0.7729585958429688, 0.8306958516946118, 0.8072569971185053, 0.8524349464107441, 0.7961310549979254, 0.8218230421950965, 0.8405755786818416, 0.8021311402509581, 0.787147867393774, 0.829697248561818, 0.785640042966006, 0.7772256490014509, 0.8566218237465308, 0.8483966966356774, 0.7385185267522281, 0.7832177110575987, 0.7957702488321485, 0.7663637323334481, 0.7728758749317707, 0.7568564413849096, 0.7592230854378644, 0.748542289585521, 0.9444981290031385, 0.9294652374336762, 0.8374093612384274, 0.878825036227107, 0.8727443329312403, 0.8662985937123002, 0.874185952977943, 0.8218964766891327, 0.8167900623733103, 0.8564030105281755, 0.8154525968586555, 0.8351644058023673, 0.8205636956895683, 0.8133112083676836, 0.8096782516293969, 0.8314057429386206, 0.7976565777645865, 0.7995527047265616, 0.7787016067331441, 0.8219873985239171, 0.8788424613995505, 0.766401091563078, 0.7980608828594853, 0.8095762500218723, 0.8704967189772875, 0.7551695056265023, 0.8451244843204493, 0.7952388881148416, 0.9044633867452047, 0.9240305613507948, 0.8788800244382805, 0.8911504002254427, 0.7420905926849855, 0.8226176646473837, 0.7692290816399979, 0.8245465096227602, 0.8940966343524691, 0.8289511876701907, 0.9054841727429416, 0.8163847122529069, 0.834576569300278, 0.8401884185983938, 0.83287725415911, 0.8789600887975123, 0.8306110040462085, 0.8455117145518416, 0.8663928106061463, 0.8492298591724242, 0.733302263279442, 0.8347230520875549, 0.9048825110450978, 0.8446309254712127, 0.8281151345121698, 0.8837535256191017, 0.7088132525952247, 0.738847698626739]}
