/home/s2630575/thesis/espcnmodel/ESPCN_x3
mean PSNR value is 27.949367691578974 dB
mean SSIM value is 0.7947547715596132
total n:
1000
/home/s2630575/SwinIR/results/swinir_lightweight_sr_x3
mean PSNR value is 23.98046470519505 dB
mean SSIM value is 0.709813537287929
total n:
1000
psnr dict
{'espcn': [24.902268199748406, 29.701489402997826, 28.02787453245401, 30.049770305670478, 26.424705669012226, 33.50781740693772, 29.60954465842688, 27.367278333233365, 29.25172648731131, 26.40313289561215, 26.251300363063244, 26.785716596607607, 29.185024986430754, 28.423654598823408, 28.981854927140457, 28.009226957997036, 26.173914190278552, 26.69447163280791, 26.610546152068242, 28.695407479849642, 29.46174092781808, 28.021669929818298, 28.06649144394607, 27.70189763482458, 26.832978735589972, 25.623722438243483, 28.162847689366856, 31.040727947073385, 21.485700244456037, 33.308340416253735, 33.175224694956185, 32.45613243674441, 31.485719425210043, 25.21957309703184, 24.65787691421638, 28.597056491758195, 29.277005691544122, 24.928180244282537, 27.47731854933489, 24.35759082679864, 24.44772565994109, 27.650576307614653, 31.17163570195638, 42.32750007574202, 38.5030860480401, 39.15214758169082, 41.08672433481069, 36.4273249612255, 41.334323610715266, 38.98112034382847, 34.12012817459196, 32.36788431057519, 36.946159353735396, 35.49991548196242, 38.85231942002472, 31.31824898570383, 28.82863629520766, 32.64984792095096, 33.20087435456855, 32.08503460852557, 37.16248238321329, 40.76936200462459, 40.86452902248297, 28.962823300691404, 34.912386719790746, 26.7510624227722, 25.1086386230795, 37.93965417251463, 35.10538478306432, 28.052496496412576, 28.708742687647174, 27.114740755910177, 27.255803439617914, 27.562313237683497, 28.185851284037255, 29.716280872086482, 30.035750143769473, 30.376849830645153, 30.79265378460368, 27.573042111314294, 30.271307011899978, 31.35069663486476, 32.35477980228724, 36.18775996724488, 32.661550594523796, 27.902835853023564, 31.519503514618783, 36.62242594320495, 26.831428866308013, 34.049586299747205, 27.335363322507288, 39.48518138295054, 29.739619477115113, 38.59937802702822, 29.7303590857151, 27.107102056745205, 39.41224949062761, 32.608419096680876, 38.411715415778346, 35.32672315620779, 31.983994284540806, 31.642932597323018, 36.81550446211635, 33.09304716771826, 34.01163885559438, 33.78463396742466, 38.15026614867997, 35.22192578708519, 28.880359317934552, 27.12836101208769, 19.5783123133667, 18.444177335539635, 20.549411841253246, 26.297688959956286, 24.25912463427551, 25.568894836775932, 32.08875264778378, 24.872406084155294, 28.140570888651556, 26.764923712116104, 25.959613578104154, 38.57442578402441, 31.623783411922673, 29.726236182829908, 32.83666239135688, 29.552828888779715, 33.04293831969038, 25.037436976285395, 29.04231487364314, 29.959748256512256, 26.896054683453478, 36.6922249653669, 33.698346469933846, 32.09946848753983, 30.390749553948968, 29.920676600151282, 27.292587001169135, 29.264911524671106, 34.739344576101885, 32.0455743732893, 36.337787993984925, 28.377448133383645, 28.769906990607712, 32.948834961300705, 33.62397972817362, 28.651876699106168, 33.336768639523655, 27.463826174537076, 36.23406413607918, 32.23474479397409, 28.63826361378973, 31.482009965440618, 27.335806216740256, 34.5885597943284, 36.15720023459244, 23.12600978759643, 33.42304000888959, 27.381188242230362, 27.166083310410016, 32.827210876954425, 29.007012777534488, 31.058194339863586, 28.73931983771573, 26.91503264878115, 30.878310910709168, 32.15929470530176, 28.811399123192764, 35.048381418562066, 28.810889859293557, 32.14830698759489, 22.989333964178797, 27.553476263041567, 24.96440339998315, 25.936514954073807, 22.985464823400548, 22.438570930609497, 21.62050117262869, 19.312213548510083, 24.60448912500314, 26.403317353070335, 19.386952286376214, 26.395535482718063, 22.24986124223573, 23.410510262152002, 29.735475034813476, 34.87015582309063, 24.24021906567365, 19.340818329725195, 24.03737401674936, 24.59615279468502, 25.351135600249656, 24.870023117089826, 24.63678548828525, 25.005990541191736, 23.5921275187666, 34.11692761667519, 37.480428671553845, 32.118635479136366, 38.69645847184204, 34.03938704083628, 19.276296815338217, 30.01749254901423, 22.872536649619, 26.682856115363197, 33.31034977330474, 23.451585621358678, 29.093573586227706, 21.728243340696483, 35.30021081635737, 24.099395734070242, 22.04471086578762, 24.20264154175605, 21.557343844093158, 25.425302150099306, 27.793532897575332, 23.98415756277727, 27.199499926150736, 23.748216588762354, 23.744146777164765, 21.33788161256737, 21.296174797469888, 27.18926301646773, 28.56736321113908, 22.047596425544892, 22.95605301013761, 21.070819767502847, 25.581152904532487, 26.078905578821523, 22.22063539174114, 20.91013353658805, 27.722611876776106, 24.73375631064271, 26.503981373333673, 24.09349968650239, 23.83144511703689, 26.429683838729293, 25.49051107071155, 22.789598152021604, 28.851165710530125, 29.229231320082945, 29.64953272448269, 28.807509340199793, 25.979368324098115, 26.869129323221003, 27.004769883130354, 30.04436709936401, 29.426875114441806, 27.064367977993314, 21.55143849787539, 29.111372883992637, 30.895825780229387, 29.94131959469565, 22.20672709630358, 23.98127148975927, 23.35103827111169, 28.46206422681235, 27.148358156887227, 25.140028922923356, 29.29931897886073, 24.29226523909568, 22.97246081636001, 22.068344392752188, 26.0529986960956, 24.187253563472026, 21.945816214930662, 22.6945881456245, 26.75018717695052, 26.283539413699764, 30.371087240485423, 21.62408830139412, 22.175367378843895, 21.778886089817785, 23.045712261722805, 22.65105423129915, 21.923280732899173, 25.65685855447001, 21.40916542408472, 19.808868495751387, 20.544151087772384, 22.948241471570043, 21.59059968559584, 22.690633203909275, 23.763727705931828, 21.38868859718643, 24.45927734610194, 24.80086030726141, 23.69769705069166, 23.907291302830043, 24.50012219612035, 20.794955018051, 21.411782173940846, 22.739347767979297, 21.49313387405034, 20.921224261205367, 26.425350501065196, 22.05995798679869, 21.314729190353866, 21.180955606713002, 22.75840263307453, 19.648831193260293, 21.692920876290316, 22.436642746659317, 33.13411819639791, 39.03553897699449, 35.835078428814164, 29.42537706859246, 41.024849424286344, 36.9359309773887, 39.060504393286024, 34.038084452904165, 35.81647680617734, 34.719325110157236, 40.36978203938876, 36.17127820778816, 38.9551577657977, 35.83310946223422, 40.77741145652274, 36.10622014975598, 39.972217695870185, 39.29238821792392, 34.03957279841314, 37.15294407334368, 36.892152050990376, 34.1365052989073, 32.06055794358899, 35.846965437722474, 33.96689041915966, 37.341232230119616, 42.908841145583516, 33.604860942415414, 41.784033805773234, 42.35224142344278, 39.917995568972344, 39.64208397453064, 32.25970327752195, 32.123424642052456, 34.398574020756286, 33.87715279945945, 35.22888021608247, 32.70450106088377, 31.674618954370516, 34.98025492379034, 34.531855999370904, 34.791654742556034, 29.13220807524318, 34.41578421116856, 35.163070166403976, 27.032241119002304, 28.343193038407755, 31.575010673360268, 34.16388246783222, 33.424769365446934, 35.77128089875806, 35.95356597326104, 30.371991749985455, 38.016647256016036, 34.93756900155465, 32.84573676068858, 35.94675237474523, 35.62150637397111, 35.964225075710026, 38.47306782405398, 34.237395926383996, 32.741282294198356, 24.5839924533133, 32.056155576978675, 28.561076791798826, 22.864872890193322, 26.69426288838641, 32.77018990087542, 27.128380900739163, 29.35828884912569, 29.527250161430075, 32.18103516713136, 30.100568582705336, 28.056505948997415, 28.81589017192375, 26.098922351765097, 25.73931733603738, 25.924186000640802, 26.94486792048879, 26.57273988443031, 24.18475914188548, 30.385747967018915, 29.753461477377044, 27.561114741590195, 30.154777301342648, 33.18646573398286, 26.39725392157421, 30.83590429696976, 28.292152031538464, 25.134715663389088, 22.507863991086513, 33.55885800004161, 22.919252126426073, 27.357941702622234, 28.77985743891477, 23.706139884182875, 23.93049099041204, 29.279312819090126, 22.268107924297805, 23.674061042170234, 29.134364036872128, 24.550622820678846, 22.688102201464694, 31.402296173325617, 26.27293348954985, 25.90159701814806, 28.54645490743745, 28.172678249512927, 34.76026870945744, 37.29783463839064, 25.685830508048685, 26.652781941791083, 22.180270222336507, 24.663828715936585, 24.73319754466847, 24.493524122596607, 23.811799923325466, 27.416749519189217, 28.77519282733751, 34.072777824216715, 27.792230598127084, 31.925203245871458, 34.1775595819813, 33.30696123563942, 32.69201723995709, 31.6446010421011, 28.30925160440364, 26.004568847908153, 28.045938475207123, 31.4341071844065, 30.260736843908607, 32.75638820809634, 30.427163526337537, 32.35734297108678, 34.60057376295076, 32.539624938664744, 35.00589805166223, 38.88675524786726, 34.33095104901752, 36.840384379210455, 38.14878357234568, 35.611880765571165, 39.01752018457562, 29.293193311540776, 26.529580727236507, 35.666563071611826, 37.79495822572465, 39.06796061560196, 24.961523993286832, 25.83193450293126, 23.8885994968205, 23.159952285775745, 24.909095229270104, 23.624469602094813, 22.372409813852535, 24.183384107338867, 24.41169106390884, 25.500935411502155, 23.60653946320895, 25.17182020364412, 28.690891709538086, 33.293594127291584, 32.777479996462844, 22.13951923479323, 23.19521596781845, 21.821514462417227, 22.77975649945255, 22.725722810179064, 22.574558649982357, 22.731296288154894, 23.86215638871427, 24.019046776544712, 24.45485886751851, 25.698445487176414, 24.7766881191423, 26.557052090131045, 26.3145901680371, 27.376738954447145, 24.773041833676697, 25.090927139578838, 23.23353660703981, 25.392803530260256, 27.055171585625878, 25.034505147475066, 27.18859980549482, 28.20513147291465, 28.509407836985133, 29.59497293618441, 21.86894688778523, 24.739386474570374, 29.510379883435842, 32.71924802240745, 26.638854391003033, 30.30169748077367, 25.827463440297556, 31.081785849053283, 25.332843189789024, 26.348573533694598, 24.808635037763164, 27.606863278511394, 32.572671860999456, 31.494079078743496, 30.556183310217833, 29.83498174790529, 26.812698833149682, 28.07052451168324, 28.73541691153366, 29.028166642119867, 28.12913897138126, 25.278257091173796, 24.82919227130969, 28.116706834185837, 31.53273240872524, 28.83221554000192, 31.449479774252875, 31.16095833969405, 32.52630808436388, 32.74614455428757, 23.15527860237141, 24.638089651674704, 25.533446556072864, 25.66629597680734, 25.62425545183777, 23.987831266679194, 26.900309308011625, 23.002533771188084, 24.581537112145618, 23.089353439604494, 28.767792425730487, 27.882282569509556, 29.961787282787604, 28.131307540151056, 29.94278515667105, 22.17897131213498, 28.22122039011662, 26.33430852736321, 29.190897408783695, 30.272760738206536, 27.31347947888153, 27.26998074890243, 29.84532781374989, 31.787229328837064, 26.394179628365023, 28.082113880356616, 29.836665747459193, 25.525630381210544, 26.030428219646346, 28.47586784174154, 26.39049203776608, 27.49442835393659, 29.9982331760081, 31.338464359023213, 31.622483595688465, 28.90244656919731, 26.935711031720825, 33.82742017479892, 28.063589357008283, 29.709951177662397, 33.507921568403006, 24.068384510711553, 22.178546326093045, 21.314036433331687, 29.24967667414556, 27.496369512168446, 21.895251672142862, 22.998362941652466, 23.79491870377368, 23.276567005762946, 22.184862792974446, 27.693464495763386, 26.80163206344586, 26.581029640487266, 29.639766755238917, 29.14784883117094, 26.982347716329595, 18.637806916289307, 21.28287201280616, 22.736713016350482, 19.88901825912864, 20.282122915470406, 25.322688440536652, 20.97931791706202, 27.288887206603647, 28.00924983293372, 22.180843596434986, 19.59469463382025, 20.60967039906751, 23.778636076316246, 22.978961857512555, 22.417235414165184, 33.381965975273424, 34.45786575113748, 36.94482333184024, 35.35319957087557, 37.01083874671886, 27.736831679751653, 27.321948547593614, 29.260363255201824, 31.911021870190947, 27.439696255697747, 27.77858646850934, 26.514134639036765, 27.60888167564773, 27.27570473642446, 28.313077090234337, 24.07562017802983, 34.14085879568637, 27.709137349838038, 25.48581754064778, 23.97506593780999, 22.4922529263805, 24.143261317713627, 33.591097806254524, 29.639476933622504, 33.13873726393746, 29.494756313379256, 29.3294767031152, 32.846999235896995, 33.19801644083866, 23.616532436098545, 25.403899854783884, 25.515327666911233, 27.044977304510645, 32.858980869448196, 29.35860061952237, 34.136634020885744, 29.13621419582192, 28.709134035224103, 30.40324834528355, 27.44851284915257, 29.001695886161013, 26.366108432853853, 23.593303989498217, 30.361338762418185, 28.169328653935565, 25.904287666419464, 25.05804035575016, 28.013661394649393, 24.98894378620822, 28.338452672997178, 27.34771296679277, 34.23546939326891, 29.70962487914732, 28.597996447373774, 26.316022647379175, 29.59456880845167, 26.80152499377452, 25.275693278149873, 27.600874075070948, 26.334503034304063, 34.76270882489907, 25.091966050959567, 27.451165457962425, 24.147332488297344, 31.939223181476404, 27.81961683780831, 23.252210927424237, 25.319991960667153, 30.393256605127895, 30.34195946266219, 32.91900879690871, 28.06911945181881, 29.066016207412552, 32.010446584484, 24.85423402157291, 29.963344699043382, 26.41200249720326, 28.395608264343206, 26.39756506701117, 29.9567529535984, 25.365433340096395, 23.555514935644553, 21.629184852086144, 21.097475412160822, 31.724827466161422, 27.785452532049312, 30.575639530808093, 29.97651239584506, 22.947505916342728, 22.62169043295732, 32.016799933520545, 28.536675599307223, 34.71773600606586, 28.706848602607128, 33.65352103708283, 32.790453658344006, 29.789973198475487, 24.38643083866479, 22.310421146220826, 24.89935414787055, 22.226716954171426, 19.34149615950199, 24.833460044686646, 24.625533451855347, 19.083869079608633, 23.527696130443076, 22.722372909717805, 21.050169438541865, 25.545166350312197, 21.735273260120685, 24.832381362271207, 23.35121773772706, 28.8908910102603, 20.25454149524473, 22.080945282957014, 23.53893140553547, 21.19556925673937, 27.40943229386545, 25.10644461504286, 22.20817648863418, 25.467317131000975, 27.85479997968803, 24.98472331200661, 24.247992606477837, 28.651888033764678, 26.701030263487926, 29.310249491720498, 29.923617645662375, 25.624427981815508, 26.607086431192975, 36.66313187946657, 22.20221307593086, 25.852571822977126, 27.076802396975207, 34.93862781772044, 26.92304823202448, 28.814442264524814, 26.87606999169887, 31.487825557148188, 24.246496475300887, 23.693025593241266, 22.55987581644641, 23.21152367722552, 22.296401399312124, 22.28777665239939, 22.514611817148737, 24.195266713868303, 24.395132665672406, 21.058172175755473, 21.40623348943401, 22.267065451048232, 21.347864792780445, 34.33134233628466, 21.377052861420612, 20.10140633574304, 33.33206498905695, 27.615751451069123, 30.079873313506322, 28.536355025405665, 29.493842967925467, 28.408433175293947, 27.261559486355587, 33.205416494449345, 38.0827324555888, 34.894860070982475, 29.854601197488062, 32.40208264076056, 35.93612291751418, 34.43795237018477, 33.189373796391095, 31.98115247708369, 31.129481966816712, 28.061031726108578, 32.247916561656005, 30.177099379124254, 32.69084670490263, 31.224342003304205, 31.080722825628392, 33.11594700860673, 30.745944585298478, 25.7376035649261, 28.660301109621187, 29.278935188105727, 29.691926600218398, 32.443093843530974, 33.42662845701916, 26.716932275967523, 26.843263412445296, 32.07018912042032, 26.099327978408017, 28.38044904541269, 31.279698773810534, 33.500168163280634, 32.23680291317328, 27.62987973406963, 30.82543128876229, 25.392533058286322, 26.036673812729934, 24.009258999235392, 23.30759450766985, 29.006268023721525, 24.611930202314095, 24.335882168516427, 25.042130822447255, 23.891120864027524, 23.667188769113693, 23.358369699584497, 24.911023216743157, 25.289510597000184, 24.604070028773847, 23.37764089532225, 26.33596444157396, 22.79570152939559, 24.464787794831764, 27.453865313473077, 21.971051085166312, 29.970699785660724, 30.97543709140405, 34.193654844395994, 31.44897426420072, 27.273231394352443, 23.97642096562574, 25.52135540270148, 23.421755952821492, 22.838315851379242, 24.043500977856922, 31.433702221855672, 20.96747027014752, 25.95857266633996, 22.514303432869156, 33.46436766545521, 22.20916557011342, 24.7435700499436, 27.243794068817948, 22.80159610846382, 24.231910466913142, 24.806677499116418, 23.841260680064845, 26.107377791113763, 25.692005420449103, 27.354353775610853, 24.634891294701774, 29.477951388579893, 26.61092382745085, 27.12861545323169, 29.537555022992834, 25.895373092347317, 25.62280180728345, 23.98458285410736, 25.464461293946634, 25.24482824379671, 25.8406761726556, 25.022986766424992, 25.542725456593, 24.778712096637307, 22.783600845120723, 28.037701133831998, 27.05798394907746, 26.132823356033633, 27.17824404649093, 25.97121278048079, 24.828728493278362, 25.072718393588342, 21.725396049200008, 33.43011919300607, 33.22064346278607, 25.452079385046453, 38.845559236747064, 25.323444928928048, 26.2296211614168, 22.989560032377927, 30.41336413015707, 36.86567298556814, 30.077547044923673, 29.40441795796572, 26.276466961282225, 28.179383411750216, 21.901274626773244, 24.73640440535779, 24.16582057171371, 22.78779846856456, 24.196906895462558, 25.14768474955305, 24.68851187486345, 23.533219473905824, 22.60662519715529, 25.642013782979042, 22.879177581265502, 22.415086816436197, 36.52327128886123, 23.24418007799401, 21.933213759344422, 27.199495188284377, 29.098643663331877, 22.935041153239602, 18.77088691883473, 28.018223398037424, 28.423871971934766, 27.60965786171491, 25.22919661561048, 26.2347898454472, 35.47975550761422, 26.267223714582848, 24.642784264879364, 25.562804721377205, 26.61404717043655, 25.188952106619173, 23.904803889948724, 23.517928075515005, 26.966743777601877, 29.423834587817744, 25.919324207452693, 24.91863869222277, 26.81133593031427, 28.070314883667507, 27.445788601779864, 23.385551321935168, 22.634673168042298, 22.90626111799088, 33.326399257233284, 24.00723253426709, 25.21657171497688, 24.876400244681687, 27.14051452068884, 21.13595882480066, 23.69581414337678, 22.08486130833617, 24.60373988619157, 19.06011340464194, 23.324755841352438, 24.56564452296954, 25.589602749573377, 23.23985551818999, 26.91247088190661, 25.375558217315756, 24.466123922422447, 26.516612557730376, 25.305659812174383, 22.26234547288449, 25.461131120065783, 23.23142236708511, 25.178775674466042, 27.05179155485471, 26.750954895107757, 24.358243495955527, 25.953912061662567, 25.77127664787204, 20.5281884155255, 16.844348173380332, 21.808106304350474, 19.551495072705098, 21.137526476463865, 35.83180141887688, 32.06075622810589, 26.46491451949748, 29.25759895468026, 30.32843034191935, 30.135803057843926, 29.669308213262827, 24.996747279457303, 25.109173085137183, 27.27773086695828, 24.490760655455976, 23.753060865566038, 24.178953978718507, 24.96326358591508, 26.582609725356512, 25.321299886820086, 26.343093021894713, 26.373178772365836, 28.283632362306115, 26.698881991689806, 24.749976626305873, 22.08218019951232, 23.731346742492846, 23.745734473630797, 23.836439396860705, 26.509150595778106, 24.493528664870748, 23.904565545248076, 29.759670868602413, 30.90426949440942, 28.05422683115865, 27.27109195896552, 25.610475415951406, 26.95098264372568, 26.75462469109779, 25.252298398063214, 29.667681674253863, 28.4375260557183, 29.8521131688773, 28.498747015643396, 24.615261241796755, 25.07335694697986, 26.231628148711216, 25.213182561353854, 25.944858076556212, 24.170091650534623, 25.336835515071733, 23.113859642714996, 24.996490103151793, 28.846761437430068, 29.429974663134235, 26.86059683695666, 26.75099712734874, 33.427807065026265, 23.534832106377298, 24.549636505714297], 'lightweight swinir x2': [19.56871457407111, 25.397336950623547, 24.08253958542965, 26.613217675292947, 22.00181004825874, 30.65131304646374, 26.406334403725428, 22.91968144715112, 24.7154719599695, 21.92727574364122, 23.069147589604945, 23.653647943551043, 25.661004230308254, 24.62206418442336, 24.24875741367916, 23.975319690471395, 22.758327715434543, 22.422407825258617, 22.029209579283293, 25.320676856303123, 25.82093767694175, 23.62294584050958, 24.297692525676013, 22.527062524579968, 21.749715795616513, 20.725435249608893, 24.16680317653679, 26.808968147735136, 16.60235334672808, 27.71095771764351, 28.739327239433674, 27.485148928972727, 26.64422860083298, 21.057691355286508, 20.139982373339087, 24.984233525376162, 25.28014822188359, 20.12841798782044, 21.92076433265747, 20.49218774663784, 19.4172919847976, 23.27487751607255, 27.630854574900127, 42.34440832595585, 36.45991011222547, 38.57796080266665, 40.28904374771642, 33.83885837271397, 41.208516686561325, 37.44818514545855, 31.152280187436155, 28.582198149471402, 34.522388894492835, 32.54534047892862, 36.62574759989177, 28.104444078225825, 25.92840391166526, 30.19368856638337, 30.225801818838633, 29.909944765044347, 35.47648290149601, 39.83231470718465, 39.86327937088276, 23.838756456267998, 31.814349938755488, 22.531977144145223, 21.680504784214975, 36.39446750238198, 32.544999781105744, 24.17126686044555, 24.467032880411303, 23.69994199281429, 23.62513033416051, 24.249187411648656, 24.772184582121707, 25.642036545293784, 25.198943491183815, 26.46195763492433, 25.788477604439922, 23.573666570365162, 26.140439282575883, 26.9124668419312, 28.81805198613884, 32.33964868078772, 28.886964871533024, 24.169838244714015, 27.337704171832176, 33.972408503497995, 23.105590161328617, 30.822426583400425, 24.105287478791865, 38.883057389206286, 26.2827717483978, 35.52633391948014, 25.08597099720827, 22.523439613287323, 39.097952365330904, 28.377804522078208, 35.83480515143676, 33.98334690511134, 31.202747163729146, 30.66978171215862, 32.23181694855778, 28.958727152185475, 28.87681888049166, 30.196915169308944, 35.65055798260665, 32.67015117007261, 24.215335498910562, 23.12392430971532, 15.421329420380424, 13.897470682446237, 15.997758579683708, 21.455330780810225, 19.761018791912647, 20.87100944890431, 28.640274111134186, 20.66335029077321, 24.05456475543587, 22.783826303231656, 22.022428714458982, 36.43459610213389, 27.99377701782597, 26.037465759811774, 29.737333234232093, 24.205965435662353, 29.62427529531592, 21.131637182109493, 23.57914488530042, 23.83910812227331, 21.81547674126774, 31.646539818212467, 28.60645166535326, 27.227408420793793, 26.446010769980898, 24.80101536890842, 22.642693580484025, 25.92711861435908, 31.454387531089893, 26.42833741707181, 31.694348262493182, 24.133145690402245, 22.676824436382045, 30.11939496196634, 30.067138788595113, 23.634150832741476, 30.932976322074165, 22.750203271775845, 32.10339282711881, 27.835756169229317, 23.50468804166532, 26.992269947910916, 23.42885912403655, 31.841261468635267, 32.038613444262516, 18.83879617901933, 28.968044266719954, 21.241871955807497, 21.41472349427877, 29.20387602783545, 24.716892935601766, 25.468192922187733, 21.394726699788823, 23.18070465893413, 26.082402929747452, 27.796552389044162, 24.651394106442194, 30.505092867272843, 24.397664602876343, 28.110954329569417, 18.0134368958796, 22.597929249140346, 20.29335231022531, 20.38878425585689, 18.521308342007444, 16.7788315282948, 16.915061215906327, 14.7402137141435, 20.762199440839876, 21.245385746506603, 15.082402597302263, 21.477102845594306, 16.705023117760934, 18.145295130024035, 25.470148566126515, 30.07490616485819, 19.674623365644926, 15.394749669703327, 19.00361956911398, 19.752752491096665, 20.48890213176129, 19.671156186811892, 20.430915092944023, 19.86264285210193, 19.435898261583606, 30.123343394923488, 34.98386410281982, 28.220137157746997, 37.411280556172, 29.400300956139695, 15.764186568717262, 26.661009721662978, 19.232627921207836, 22.22348184368856, 30.572527962027433, 18.67789350010121, 24.087190142314995, 17.860885254248664, 31.030688700959182, 19.044252319564695, 17.165586935234778, 19.82079344474712, 18.017296475602603, 21.177594942311533, 22.23998470845615, 18.72694566236952, 22.681353279898325, 18.647353807379066, 18.649942152204158, 16.476161500177554, 17.12104699258933, 23.351412129241208, 23.69002412639667, 17.669200807289798, 18.716104562470566, 16.342397037727864, 22.25615996233995, 22.379755797083085, 18.635796756460884, 17.255912640565118, 23.846718168389774, 20.621905409620965, 22.439801685944335, 19.766849647677635, 19.928146568563726, 22.3180402198353, 20.217171594229875, 18.484394578692562, 25.544974126884945, 25.097598687382565, 26.53946703755203, 25.099462890635763, 21.908819845702332, 23.006409666048686, 23.490605815988452, 25.345649231348965, 25.28342779702395, 23.14754771711275, 16.960144075258444, 25.856064297299387, 26.777559310796185, 25.816909691170626, 16.996277585528624, 19.359057224292016, 18.259652394364227, 24.3227808179639, 23.298779652304642, 21.97551952006382, 25.396517217543057, 19.430156445558005, 19.835641603802035, 18.71279303313456, 22.530954593231435, 20.78234257580415, 18.2944839935666, 19.20129698290375, 23.143080371150887, 22.069356876314593, 27.354999872796025, 18.3949119725597, 18.294492273974335, 18.101002665846227, 19.435864297007424, 18.897042864854882, 17.695074574365485, 21.926751693491493, 16.74945685570141, 16.53749142648381, 16.721140091770256, 18.993843719709, 17.993621065344282, 18.018126808019442, 20.483675537119833, 16.847213564349296, 19.238085587758484, 19.83299377788557, 20.384635310561656, 19.75105165187834, 20.019665598558717, 17.249429574683663, 17.690628603845553, 19.08978863960958, 16.603762701168087, 17.38215328833116, 21.86829346576952, 18.134015305838254, 17.285625157226455, 16.911165904090414, 18.52744871956989, 14.496495812643872, 17.39178906010467, 17.986732792115507, 30.321831363846083, 36.79647230040761, 33.25283014469293, 24.821299589390105, 38.77294822610829, 33.65670816035613, 36.47935601521654, 30.746322546934053, 32.81767694995867, 31.140843398547172, 39.39729614217689, 33.24154694596132, 37.742687812729486, 32.63326082427342, 39.24970841212571, 33.004058696735655, 39.19973584796574, 36.82542807740183, 30.52505201686563, 35.66661847617638, 33.14143021935833, 32.69945304729296, 29.248336762557656, 32.93465581864087, 30.468252661059914, 34.409583646415356, 42.6566361404131, 30.160497725657073, 41.43283865156658, 41.73114906681334, 38.63210419573531, 39.031545543441155, 28.775197351846316, 27.720498118329957, 29.260640481005098, 29.273033295746565, 29.6792268988131, 26.870561358728654, 25.983361653141586, 31.618638008707816, 29.480598254791342, 31.29704347550168, 25.591497878869525, 29.654828209838282, 31.152153596813342, 23.906415491344596, 24.046565143577343, 26.83447572314618, 31.247062087682856, 29.837461706161747, 31.576676427719732, 33.119001356378746, 26.018779655544506, 35.03002666334157, 30.64359544224058, 28.74054999135297, 27.90140092536806, 31.366204357496827, 32.640792344239216, 34.82275500260852, 30.02757368055707, 28.239339111746183, 20.73403696312877, 28.680773863480354, 25.10255891385032, 18.406945810786514, 23.81943184465394, 30.810662011654447, 23.743029156500395, 26.514562531089602, 27.497280882256877, 30.24131391232921, 27.48504017563632, 24.178171941426925, 25.507720576017384, 22.06926669847465, 20.868866874948804, 21.56310772390201, 22.9165715669385, 22.734239252371367, 20.800352139202595, 26.788632906841098, 26.300825308196742, 24.052304948295387, 27.028266448815938, 29.254570130798744, 22.856736045422995, 28.277554153401777, 24.739654873776654, 21.441855432218084, 19.138778416547005, 30.500757264469314, 17.656868602339028, 23.575737555732374, 24.686207429158102, 19.71224280657523, 20.02913165630477, 25.578533987544123, 18.85265622882304, 19.020853425067642, 25.73168524560414, 21.25373952018531, 19.313653890719504, 26.362459497266503, 21.15697202037073, 21.84948685968832, 24.305793900424312, 23.937227921813538, 29.956449575670916, 34.0290979863827, 21.608277157800558, 22.357950765972795, 18.01899402829806, 19.745301042322442, 20.630889507579987, 19.743972154938763, 18.83541007988787, 24.519075034241368, 25.578050699442237, 31.1388939707224, 24.32362453086408, 28.52543979889529, 31.203696143058934, 30.370039546459026, 29.594769684639743, 27.976782175477368, 24.633640934448287, 22.10609529333196, 24.541890406235495, 26.603592347049418, 27.062553887004444, 29.222081929968645, 26.80742184079046, 26.779640510785377, 31.47626392027719, 29.634462474549956, 31.748499736005723, 36.29940033775538, 31.17617801927894, 33.593383118741464, 36.41873676350884, 32.26247517130631, 37.62183021171654, 25.830768575157713, 22.936204390155996, 33.57094121800591, 35.47055461174565, 38.20966579912561, 20.14207961056732, 21.048865260626176, 19.25777061376005, 18.594879426509504, 20.275566396487555, 18.64602868860147, 17.60041001376127, 19.167888398064548, 20.298898221437213, 21.015702652637643, 18.91397696674629, 20.781725820384246, 24.423343294063326, 29.415512288362713, 29.202087551549056, 17.612162445336804, 18.525067304758803, 17.38864595298817, 18.118146646862996, 18.378429492360148, 17.735012642639138, 18.264100758109848, 19.684488996911412, 20.17395641080729, 20.00184930687488, 21.77137145087473, 20.659739454978144, 23.00998212756489, 22.7408601378108, 22.890281703402238, 20.646968857301964, 20.77680641265526, 19.520042159577585, 21.903965632100828, 23.723944351010307, 20.33413793376692, 21.882369039738627, 24.065592084369158, 22.686015717251628, 25.92041988272044, 17.892707209721152, 21.01264601404897, 26.038738655331354, 29.210317471600163, 23.078058046480436, 27.204987962285486, 22.53304582267016, 27.958110927032184, 20.816534850734243, 22.198081540288072, 20.849600278859644, 24.406773384429485, 29.089272124409213, 28.059889800940674, 26.942753508626126, 26.368362168553983, 23.470714481317945, 23.20602700495784, 25.412074607094574, 26.115857487329013, 24.30779522806851, 21.238753272450637, 20.628223117451753, 23.98466332935495, 28.08447241481726, 25.733024688311374, 28.38014955081929, 27.53543167746312, 29.295527618102266, 29.728377398674596, 18.172437473818043, 21.469804373706825, 22.246831470477208, 22.5867367506771, 21.527746188158105, 20.163322707558436, 23.815346883593325, 18.64412026921447, 20.0482486197127, 19.47108677288193, 25.119840438497974, 24.38631504045015, 25.121819441923343, 24.564319122380148, 26.4269697366095, 18.086933024244228, 25.17292690036436, 22.396988620916552, 25.602223651387984, 27.054597147241203, 24.305722865899657, 24.031958316052638, 25.722840796499217, 27.858334863470606, 22.56242506722803, 24.510913133973244, 25.640225341821946, 22.446625345170727, 22.04479508861382, 25.37684933107058, 22.313083043147262, 24.065609305549028, 26.984552098531722, 28.324389434198647, 28.031255987749205, 25.55032523893957, 23.174437076563624, 30.395693434159323, 24.9917368138277, 25.05124134278503, 31.087770556425394, 20.849101427560836, 18.31030267992868, 17.031994481797025, 25.55450474676689, 23.52161608139692, 18.047629719284966, 18.347462244402045, 19.34402133594485, 19.77869394746628, 18.59047503622136, 24.05896614876361, 21.71380304151928, 22.726275220626, 25.32702960152452, 24.50988567632556, 21.864575078252273, 14.500048665643748, 17.694946086120108, 18.6038809873004, 16.376884916643778, 16.667414322196755, 21.34408943510692, 16.04313355672962, 22.541334514479065, 21.53485991949207, 17.86199727841208, 15.850702389343457, 16.162674888678985, 19.893625735292787, 18.80841559180701, 18.419003722670436, 29.223973983969238, 31.61190086291834, 33.943878957294906, 32.492623796841535, 34.37892564157432, 22.1704210025595, 21.49406987551717, 25.701650004669474, 27.712911171082155, 21.038271009471828, 21.201796083660007, 21.80264940308669, 22.8978109887472, 21.978648335522667, 23.147283646983794, 20.03424291677534, 30.77720798587979, 23.327010358670016, 20.729501937517814, 18.773653065611366, 18.658051176618365, 20.421437913530333, 25.59119083629863, 24.500224057068614, 29.633590206990196, 25.056601746207697, 24.81964399671856, 30.064637798138314, 29.977618019415836, 18.808983941964087, 21.571306720532473, 21.53344974962886, 22.173748377444163, 29.662001017654937, 26.015066150123964, 29.573322228527232, 25.3442065767476, 24.556721434853614, 26.956283647213574, 23.710017358030974, 24.873026867692897, 22.782480842242055, 19.342309681086366, 26.18133938573569, 24.397735454902406, 21.01164774739312, 21.784355425353098, 23.977174547658375, 20.815627029364947, 24.3553951563456, 23.823964255584308, 30.913850951684445, 26.38230909578016, 24.15759363589066, 21.58239373176366, 25.87428962877263, 21.787897221778895, 20.468527143657425, 24.17831980488988, 21.941393016626275, 31.41507541339697, 20.57880228906686, 23.478596702374304, 19.990168242086227, 28.573344021439027, 23.369122615654653, 19.00961878268841, 20.921088954273472, 27.169500622974336, 26.30794444347373, 29.73510660888795, 24.2940037076579, 25.506638925820084, 28.15212794091942, 20.76502323666314, 25.3494228980651, 22.590186086833, 24.730562909633615, 22.246366607740782, 26.50770794618976, 21.43008426239168, 18.148163830986476, 17.20777269479778, 16.593681138919273, 27.269982167132845, 23.869700641296774, 26.430659354979746, 25.747966787648664, 18.928997042012707, 18.650604621539358, 27.629905568847086, 22.75646373392293, 30.79658179837256, 23.583177734518603, 29.353652386335813, 28.22936633753459, 25.813046383529805, 19.838497558416254, 17.890994181074472, 20.83315060207649, 17.778369982765586, 15.683327984677, 20.46340624880264, 19.930685362768102, 15.518091429489193, 18.257885711465157, 18.251318176798506, 16.595672404290056, 21.29179765826261, 17.566097804954815, 19.507832125056176, 18.920434572071706, 24.710721208212068, 15.923593256666118, 17.73362594756336, 18.633775060686027, 16.84053476432573, 24.276690008756667, 20.30546616748424, 18.702288098610733, 21.173995486840994, 23.575988980125384, 20.051636926964136, 19.419432637060325, 24.98062873147493, 23.073730150131887, 25.57555368166677, 26.49474335725982, 20.353075505060666, 23.023728780694572, 33.48939079160439, 17.24812288367574, 20.822426628241303, 22.216277749545185, 31.96576956868276, 21.278772375204213, 24.13896738731993, 22.100030158445932, 27.671128926460483, 18.99912195064327, 19.38983344353685, 19.117308441807324, 17.494769211433784, 18.59570649153711, 18.152355667491896, 18.92588879887018, 20.310688778511103, 19.979680110577952, 17.33489010140999, 17.606531628268737, 18.69198189535991, 17.075377291728778, 31.2027615208811, 16.99786139470142, 16.191347769148457, 30.30872635713298, 23.53732356222978, 27.155446587442572, 24.83435310257186, 25.712376358518835, 25.11892907714715, 23.94552611244378, 30.112737794053942, 35.746816702916945, 32.03578875071787, 26.10314469838112, 28.477092821282564, 29.747606311339652, 29.563946492836838, 29.84632800988318, 28.160399980039873, 27.67947581526564, 24.50939276324213, 28.661303972338796, 26.568861186366142, 29.18464157494327, 28.11938121622331, 27.71989695791623, 29.529516758802004, 26.941928528382107, 22.15928183339967, 25.38416140722857, 25.725494419926207, 26.377271203510734, 29.28593594235597, 29.74200435850829, 23.09651147793908, 23.660386754238594, 28.686537887115236, 22.913819209957026, 23.731568714457907, 28.474078804644563, 29.252493880886725, 28.715625053309992, 24.57259575359319, 27.163357586947846, 21.44930301603782, 22.461085661077703, 19.60689648050955, 19.831028333015716, 24.636298625462754, 20.045709058893415, 20.260328197952695, 21.189190034910254, 19.706663301341194, 19.341418053546672, 19.7341445722745, 21.12140870514031, 21.86146504059839, 20.20191457375201, 19.460346624929127, 21.635200797130768, 18.34606709959262, 20.51613126836276, 24.40038581377316, 17.85320547656994, 26.88212154584803, 27.567928423692077, 31.95037390062483, 28.228303978533415, 24.252415392312066, 19.872141530310422, 21.97713723037868, 19.350212671951162, 19.759544425330166, 20.76160311550778, 27.691089404140193, 17.344367186263927, 22.143754056593746, 18.4127118870019, 29.566560173820754, 17.423564452461907, 20.905031971970253, 23.008247241337713, 17.61531016704497, 19.590856305656736, 19.329241834129405, 19.276522152990914, 21.311576769923573, 21.494415284662082, 23.07639811605362, 19.48091733379315, 25.48363651163121, 22.837118256623864, 22.39287939274297, 25.630531090291058, 22.06575783969301, 22.16846898296131, 18.92921285632078, 19.997207405011395, 21.243014443148766, 21.311570939899358, 19.905852146183506, 20.74824023783564, 19.721406011601534, 17.94387117836594, 24.177423573162017, 22.623272341916163, 21.771981993053902, 23.40234734362699, 21.246176965884473, 20.73095189789491, 21.378714095108702, 17.241314415055506, 29.881082559122287, 29.941318252441462, 21.3944528314994, 36.85423382589496, 20.589291073430374, 21.91435567262066, 18.44555232797318, 25.72873776937383, 34.37575204406271, 24.702661690087528, 25.37427386078873, 21.979063186184188, 22.823180576508616, 17.029541362075, 20.82656891828007, 19.37038882870436, 18.352996331032287, 19.958198474612942, 19.73629247360607, 18.972184788221302, 19.110127771364084, 18.024493282906025, 21.21071417298149, 17.7501782260534, 17.757498946075966, 34.317584986111754, 18.161499871226997, 16.822714756413962, 23.178566683063934, 26.400332687296046, 18.403659708134793, 14.751453740294448, 22.629116803945095, 23.49250550101099, 22.52595842165741, 20.650167675767488, 21.549780105177582, 32.140617260919356, 22.27772758123425, 20.932572487589837, 21.49404277191085, 22.6141731627321, 21.960989190393654, 19.562670465241055, 19.18048471805005, 22.3174591050441, 25.699068334368476, 21.017583501182195, 21.036177597897353, 23.098303637080583, 24.747580278692126, 23.381608837408972, 19.245411904356196, 17.658598446446163, 18.357906050906642, 27.19080636863488, 19.91842904982171, 21.072138305551572, 21.266500207281712, 23.044046422461925, 15.476502763295471, 18.93239407618529, 17.32741364535935, 20.765552634532888, 14.960177320928572, 19.588998889298303, 19.808603044976852, 20.197376867676375, 19.45398893455652, 23.468431966439837, 21.960914901604667, 20.80544138292025, 21.89610896094763, 21.486034661676676, 18.527229421860334, 21.19414265624784, 18.269647582483625, 21.343654826599064, 21.78847355332623, 22.026335358312107, 20.165904280481545, 21.79478010983815, 21.631123725180416, 15.957811917165625, 13.205896553507792, 17.47853479254634, 14.790962012763531, 16.284162172902647, 32.14082915642442, 28.57133052851319, 22.745966501493843, 24.8903900897019, 25.222606361046395, 24.850173655719775, 26.038995534828572, 20.72855642469628, 20.962435992722384, 23.330050075375564, 19.689529366573588, 19.052182544208662, 20.11183055204632, 21.207120359877678, 22.668101868040438, 21.091306061898152, 22.201261959378286, 22.135498111211863, 25.062824013599947, 23.035402947043888, 18.986831020234227, 16.961947894539204, 19.76230992034192, 19.575568435450332, 19.356628019365147, 22.039466551678327, 20.15945044211294, 18.963684907032516, 24.46991935743929, 26.953437188786282, 24.165059645151857, 23.296085530400084, 21.910313065039585, 22.187346098712744, 22.909615450420535, 20.25374233484044, 23.927776304131847, 24.700331510333868, 25.945091934845003, 24.195056417727624, 19.277846606593002, 21.11506170507355, 21.152646288931685, 21.083406458936945, 21.40556724954227, 19.59424671054163, 21.006546886813354, 18.517567751442044, 20.52422181252869, 24.890848332751652, 24.861681904046208, 22.730070407568608, 22.115610638211002, 28.09882613641836, 19.1786569337012, 20.311697706273165]}
ssim dict
{'espcn': [0.7454950755385235, 0.83786259305415, 0.8165577158315344, 0.8531042434339806, 0.7978151855498663, 0.897903011234293, 0.8024074449043288, 0.7915904027268814, 0.8538324549879773, 0.8044835297213624, 0.7501971060894597, 0.7420463787266113, 0.8537604009749432, 0.8265233635291304, 0.8544127525121468, 0.8243882794233457, 0.7747322394369744, 0.8201737343787948, 0.7445610138792972, 0.8294141392890043, 0.83807731354344, 0.8624558206443179, 0.8304471924743542, 0.8569852009757184, 0.8325963430923459, 0.8068620397458534, 0.8575735856187161, 0.8869939104926327, 0.7349440520738465, 0.8959413926391075, 0.8955139476785932, 0.8886125523918477, 0.8722718714686675, 0.7387907125021175, 0.7557260066705237, 0.808919826253152, 0.8356573435231324, 0.7861637221233889, 0.833283756390093, 0.7471241761947176, 0.7604831516978591, 0.8167601542212591, 0.8222900082770827, 0.9833742997718898, 0.938276980156372, 0.9507166679697017, 0.9651776072239631, 0.8992929947042136, 0.978314510441044, 0.9465987039016344, 0.8838373670585665, 0.8509708388257031, 0.919259792658297, 0.9201936352381759, 0.9384228011313412, 0.7816615267298509, 0.7721705541431897, 0.8594182355890565, 0.8544072320611956, 0.8877083061966479, 0.9319304630964114, 0.9625471639659352, 0.9610172603467316, 0.6815531086624249, 0.8468290029261676, 0.6744650289243611, 0.5713138378894399, 0.9408758733265714, 0.9290414673856254, 0.7913515226234333, 0.8268154174258068, 0.8235052750165088, 0.82975724653364, 0.8369890500270453, 0.8428921459794816, 0.8634721460073064, 0.8622442187157118, 0.8522735022145906, 0.8928982184308594, 0.8312343458609099, 0.8746780703332631, 0.9105672320967265, 0.917329546392695, 0.9529427734491305, 0.9305943806884078, 0.8798571691653654, 0.9187910854578112, 0.94947609962788, 0.7382265331311872, 0.8957341402780451, 0.5707976796722984, 0.9733940901468505, 0.8573064302817686, 0.965518573141035, 0.9002743365956379, 0.7886956841356324, 0.9717260926867631, 0.9004759924725948, 0.9491992196640159, 0.9384742798640173, 0.9042220491058054, 0.9043666455796755, 0.9435039008609354, 0.9246541890274048, 0.8668412172021223, 0.8924451791584427, 0.9487050263126481, 0.9202516785419086, 0.8707949354518291, 0.751428749900621, 0.598647886997702, 0.526385040142343, 0.6134061926637585, 0.7717915226925094, 0.7078002688707596, 0.7700046505949469, 0.8152759318594243, 0.6343786366585303, 0.8338513362840677, 0.8373765244724819, 0.6185980229897224, 0.9665355866050304, 0.8140682972546298, 0.7353826052763199, 0.9150601507195553, 0.9097838633851192, 0.9234432738930506, 0.6700554485543735, 0.8797223128353165, 0.866746076227654, 0.8222489982012848, 0.9507219165361608, 0.9263830478414333, 0.8861619240236914, 0.8722787195203617, 0.8444988788081036, 0.8070872168524564, 0.8529646438295406, 0.9235877990864191, 0.911356136254513, 0.9339931453541599, 0.8525261761856765, 0.8424835336415823, 0.9135115954967215, 0.86871877501139, 0.7446229259864148, 0.9096683460557402, 0.7469028089575827, 0.9452168106675014, 0.9098164228186767, 0.8801293528104212, 0.8879121078067378, 0.6587013296824622, 0.9329736250139853, 0.9289096747904859, 0.806951584867021, 0.9540078234926912, 0.8737055604688194, 0.8497920286305783, 0.8542690181784697, 0.7641813067661692, 0.9127319583652549, 0.904176237899925, 0.7926021795924261, 0.820565993871249, 0.9248397578235921, 0.8548853746284486, 0.9517438410369017, 0.7212094843136232, 0.8056594434382487, 0.7568786466410365, 0.8087539467135466, 0.7802314774654547, 0.8499758931455219, 0.6910984321109871, 0.7189458021064586, 0.6989225198264172, 0.5481827146593989, 0.6858928556990378, 0.8451891374856564, 0.5500288449630175, 0.800245127593696, 0.7249839180755812, 0.6960075283777422, 0.8770393392645601, 0.9411037847193949, 0.6474273239599853, 0.6113946086658048, 0.7576254753867195, 0.7907521721176612, 0.7974732693210785, 0.7936399609828013, 0.7792137946377838, 0.7808672840660185, 0.7082431184818008, 0.8858829884804986, 0.9595702778406404, 0.9039090489101821, 0.9673832530779609, 0.942239839667395, 0.6678236978311164, 0.8478408224044728, 0.6573791964595619, 0.8113656224901287, 0.9161847773594675, 0.7280243356145042, 0.8509083868046287, 0.6806124648848568, 0.9269114028986676, 0.7636174260287057, 0.6948405903645689, 0.7653037835487065, 0.6640532031592231, 0.8112586574370508, 0.8672639281775962, 0.7453891320957413, 0.8365292326780996, 0.7265570352647444, 0.748198201113958, 0.6436726635988282, 0.6231550755046849, 0.7212236840707369, 0.8575650674958615, 0.6595829059094168, 0.6298246268189084, 0.6111966502726919, 0.7547534786611705, 0.8052041050331659, 0.6834867766942843, 0.6487675815724429, 0.8664965047445414, 0.7989919672962598, 0.7712408479337748, 0.7527993165018257, 0.7358339957874416, 0.807060981318125, 0.8227756683462656, 0.7332154493661198, 0.8543617152550155, 0.8455809532385751, 0.8381000704705271, 0.8743366391980569, 0.8057337965491121, 0.7972976274237372, 0.7943856507857208, 0.8922229926816367, 0.8850084925104427, 0.7520038206258467, 0.7058104297828596, 0.8015581008266147, 0.901738575469798, 0.8755903023005566, 0.7487238602458353, 0.7721712243194991, 0.7570136231581418, 0.8509407840585476, 0.8046944005997264, 0.7209741080669007, 0.862094566466755, 0.755842367079555, 0.6837426909645604, 0.66703077729595, 0.7526488929834666, 0.6734482858837505, 0.6475671838274518, 0.6233227037932554, 0.7794321722619876, 0.8154042145807258, 0.8664718322096612, 0.6490110612454366, 0.6445975487480983, 0.6798444301931063, 0.6906343361029686, 0.6923518433263807, 0.6409703464997009, 0.7959063930263668, 0.6208176882582849, 0.6374615025454363, 0.6518342929015274, 0.682164235740961, 0.6401700889823004, 0.6900121328180197, 0.7271218751439417, 0.5845546628404408, 0.8269074042957362, 0.8035442095790375, 0.7585768540759017, 0.7672828731166168, 0.8317141112955565, 0.7174095852365776, 0.74164232710132, 0.7539445404659361, 0.7604000880068662, 0.6967029596730081, 0.8168831710880702, 0.6947730551134887, 0.7371848676216537, 0.7436631050316755, 0.738477770500451, 0.6410374713830597, 0.6782117685815021, 0.6703142340266698, 0.8348623120535916, 0.9339277088252865, 0.8540492823556858, 0.7134730702481431, 0.9693078433531693, 0.939500056253748, 0.9598199800428965, 0.9169383756792782, 0.9073554559948757, 0.8893654116136495, 0.9690931493632732, 0.9151553763612795, 0.9415725704274098, 0.9082806162578211, 0.968929233663627, 0.9119792253329596, 0.9666851261878258, 0.9617858004844265, 0.8269777099243817, 0.9389638560000082, 0.9303874645375948, 0.9124370815478525, 0.7460772725986814, 0.9010589172265326, 0.8719579046037413, 0.9349618227339881, 0.9855425531210029, 0.8873503833586411, 0.9746733207930443, 0.972676990573065, 0.9628358037306827, 0.9576025417591295, 0.8731383344618371, 0.8430850328149737, 0.8983058190491987, 0.8877240780528312, 0.9178667620408274, 0.8621039509179789, 0.7850176020838228, 0.8890606971131688, 0.9056660055507053, 0.9044081415276523, 0.7199051407284244, 0.9119054911743796, 0.9249206556052166, 0.8268951560765861, 0.8120215480110229, 0.891244633760174, 0.9046776981335641, 0.892153423304008, 0.9091927190950067, 0.9034513281040404, 0.8105771636778796, 0.9203145960975962, 0.9102297046576822, 0.8455477196539806, 0.9181556020224626, 0.8974697904348357, 0.8975699951936709, 0.9357584836499641, 0.8667086134913454, 0.8622533676542137, 0.4562654738726235, 0.7370161895560252, 0.8350325602640541, 0.5667871117406297, 0.779504138986296, 0.9132651931219926, 0.7170780046573363, 0.8687413289612036, 0.8394321737288815, 0.8856034146877195, 0.7957064563407074, 0.790940411157691, 0.7815923139516918, 0.6761811414356942, 0.7449829673125234, 0.6777000813937406, 0.6654814457390756, 0.7033668251537234, 0.6061383246258218, 0.7163756183289051, 0.778004369535488, 0.6477595479796793, 0.8027584583530727, 0.7978297929373462, 0.6348654464520108, 0.8285175840771563, 0.6878917990422535, 0.57606868822908, 0.7194907636649612, 0.8912119800771987, 0.7475290147541276, 0.8076176832433088, 0.8313443162079753, 0.7387978274167475, 0.7472002744968179, 0.8728175254493112, 0.7555781726746468, 0.6990216683244148, 0.8731296391159665, 0.7156310936879041, 0.7030420197048627, 0.9116767032169152, 0.815282950908613, 0.7708845006461708, 0.8262230138114041, 0.8073855121789444, 0.9154192915379115, 0.9469421620552739, 0.7804280687257088, 0.7527685418501521, 0.7002481877609312, 0.80964990497812, 0.8135103895030159, 0.7882349021638342, 0.7200184931909926, 0.5616848540203611, 0.6878094715557403, 0.804171412687378, 0.6246915501840101, 0.8593752348682719, 0.854604478452855, 0.8042352662239552, 0.7933755061066914, 0.7790036684261674, 0.8136770288162953, 0.4935695124434053, 0.6062043024825452, 0.8127256445713246, 0.7381602070871283, 0.8151439061356716, 0.8078405676845911, 0.8460940646662954, 0.8156991815946567, 0.7494288343495752, 0.8432096127396023, 0.9144802127386118, 0.8269802763029588, 0.9184839840158894, 0.9312016422371376, 0.8664078065295485, 0.94430894765475, 0.6176761778335115, 0.5277555929003517, 0.9335530832153226, 0.9480896808561738, 0.9666082652851559, 0.7482218425294076, 0.7781270120923722, 0.7070064069854756, 0.6599023156941601, 0.639319503940898, 0.6971724735943374, 0.6821902525760236, 0.7112377540073812, 0.6852338357614001, 0.7078253795780114, 0.6674837890991333, 0.6637664992806177, 0.8319672008252548, 0.9170496163134771, 0.9224410686556779, 0.5842661332738416, 0.6995226110164845, 0.6619862270890221, 0.6950662796964518, 0.6816127639319061, 0.6911249544215218, 0.6507621830539263, 0.6849889260347027, 0.637451570429103, 0.738970766663798, 0.7342121714682934, 0.7566962650952591, 0.6859109858338744, 0.7417900151104284, 0.7796182632660149, 0.6945968145117423, 0.6735231186268502, 0.6230704715083352, 0.7127997832575864, 0.7344815434291943, 0.7654349908279641, 0.7607427103131124, 0.7325426659729088, 0.7964596920287857, 0.7586734384403262, 0.6788231811344823, 0.6231521194173028, 0.7734999497198307, 0.8250822773246788, 0.7702072132546308, 0.7606118392946039, 0.7238010261092759, 0.8237452366117818, 0.7702548097665127, 0.7848174112774662, 0.7338687518847299, 0.8201739152056627, 0.8559321234274737, 0.8252450291718012, 0.8611736834803925, 0.8347202895350908, 0.8068896986214018, 0.8298450780394189, 0.8115658908888508, 0.7731676180935547, 0.809103307621005, 0.7531834486928558, 0.7617799722072481, 0.7922644325741107, 0.7912362676112454, 0.7989986536162177, 0.7984550215589405, 0.8920462430840317, 0.9174308896481639, 0.8741784664114632, 0.7287319230338954, 0.7548909014761053, 0.769396556103155, 0.7686267193420402, 0.7491359390347275, 0.7212830926614053, 0.7698441294314594, 0.7189497724675142, 0.7999462493025792, 0.7320218502828079, 0.8219815553987762, 0.8138753286639614, 0.8333101087261006, 0.7773988266543008, 0.826692465642026, 0.7419028455784246, 0.8283243529577771, 0.760082635976185, 0.869546611745082, 0.8470398582621418, 0.8196058948611863, 0.7474191170831062, 0.8071367509572864, 0.9097145454922153, 0.7792042859660395, 0.7936143237792977, 0.8162505020098405, 0.7130042870483465, 0.7586424652712953, 0.7931941398185258, 0.7456998465005243, 0.8008637328999301, 0.8595109642183959, 0.8579598510768631, 0.8491240213674853, 0.799719766331856, 0.7573975837130309, 0.8855748015798777, 0.7916945674821895, 0.8860945986896512, 0.9320911472799893, 0.8483538444164721, 0.7719452891367666, 0.7627599211652046, 0.8980429247738275, 0.8880541969754607, 0.798931996786383, 0.8265999206357686, 0.8587250760761356, 0.7517136652859682, 0.7632984040141481, 0.8801664972829146, 0.8827331552630387, 0.8556424952850401, 0.8687070529229025, 0.9183359492172004, 0.8302668757182926, 0.7133218954737065, 0.756168363865474, 0.7303493874494204, 0.7120353618817309, 0.7392301396054477, 0.8590403295603307, 0.7234595301588125, 0.8708554393133106, 0.9030921614001787, 0.7456238848775554, 0.6967037875249266, 0.6933976227306374, 0.8091479844589747, 0.8005549087742252, 0.7622684109610535, 0.9136227666536615, 0.9303355470164951, 0.9540064813213188, 0.9325852979494792, 0.9458803097102065, 0.8096960782548998, 0.8062891565567305, 0.8647338565853905, 0.9298869895413653, 0.8672994322669234, 0.8560226031320819, 0.8219485069983473, 0.8628869261800647, 0.8709399747136011, 0.8082910621842533, 0.7082941423985716, 0.9364263354726947, 0.8420590203623862, 0.7627942172262481, 0.7084077621096523, 0.6664820621168455, 0.6408279731223038, 0.9311951613323441, 0.855439407186299, 0.8899481902935956, 0.8779009466792075, 0.8351493507186563, 0.8844090971553962, 0.9299678309179866, 0.7036873845715217, 0.7546262401075049, 0.7773921192988018, 0.8021246838002969, 0.8378623882829634, 0.8165713184024604, 0.9093132215340041, 0.8517915107831737, 0.8316024148371994, 0.8007226202832405, 0.7362609148487163, 0.8876786022816546, 0.7402788284515182, 0.7670682244437815, 0.8908485417832716, 0.7121446459001125, 0.7891776388199456, 0.7911657837509415, 0.8598764965758702, 0.7513485723557742, 0.7784327148432103, 0.7287919670349019, 0.9151166924085353, 0.8616707055733682, 0.7762791285848201, 0.7904007585481488, 0.8117739528731088, 0.7203824384376796, 0.8270485936587862, 0.8026602873179757, 0.8358353107285794, 0.9105389094484111, 0.7637074599677031, 0.827325196628563, 0.6874675982872053, 0.8422725523151493, 0.8121163776427042, 0.7215107086674277, 0.8261961931653375, 0.799795315400041, 0.8309775635575427, 0.8428189232458565, 0.7976924386655936, 0.8247342676475036, 0.8826711363893333, 0.595745088321683, 0.8436347112142722, 0.612317936439113, 0.8684862951414966, 0.8335201254824564, 0.8412197880299883, 0.8320244291831284, 0.8549105321015087, 0.7287711883254232, 0.7574730132533531, 0.9028677915667979, 0.863701387989284, 0.8921685744799043, 0.9207451655716183, 0.6943004358730298, 0.7770072426803225, 0.8881056784610913, 0.8928258791354328, 0.9484775614526709, 0.9046898358216189, 0.9353493126392326, 0.9185446102516882, 0.884287877818239, 0.8527272851010048, 0.8113622919550635, 0.736717685772096, 0.7748126089259703, 0.6779805388430835, 0.7064263345182381, 0.8664911304730792, 0.7715193954150552, 0.8792453101259272, 0.834970587754432, 0.7801117250460742, 0.8761902659524694, 0.7463042437789046, 0.874746164665734, 0.7983976720752782, 0.9079404692469184, 0.8205139981067405, 0.8608130631102254, 0.6872490790467582, 0.7399625629835951, 0.7829559462306793, 0.7178826840099032, 0.632771200260822, 0.7026534218665632, 0.8260603487637659, 0.7322691945662801, 0.7397919146269872, 0.803607935493754, 0.7526742036078119, 0.846215442142237, 0.8440689317620584, 0.7389027167461919, 0.760634958886033, 0.9448518962125398, 0.6363814466068575, 0.8174357678081436, 0.8186582633458208, 0.9219405790705298, 0.8288294413121254, 0.7590452801924162, 0.7735717339907358, 0.820006735896163, 0.7826398156646235, 0.6228750316707845, 0.7204699712472431, 0.7775084645748928, 0.7108645823426119, 0.6972444159757194, 0.6887228731040124, 0.7207558993067235, 0.778358029834067, 0.6506710799713413, 0.6731730044355142, 0.684363314182389, 0.6718884391042594, 0.9128308143604418, 0.695179144694636, 0.6178757816450295, 0.8911968697360453, 0.804506717204092, 0.8843439141132104, 0.7647516078540206, 0.8442772379675558, 0.8612901774022003, 0.81028258486981, 0.8600308755860828, 0.9487029172442208, 0.945871941148489, 0.8136797616014172, 0.850262933865715, 0.9199770509416516, 0.8791332752344092, 0.8875119297488961, 0.8625296076579733, 0.823596882677518, 0.7754533314026765, 0.863361469818832, 0.8019882884979144, 0.8497548957842609, 0.8470407321979586, 0.8120507730613741, 0.877993745316407, 0.8130767994804393, 0.6687701054042589, 0.7988125288040545, 0.7222254560718678, 0.7883292128259946, 0.7907461283427499, 0.8322949889345725, 0.7073301109360268, 0.8079393780376237, 0.8780273976917133, 0.7544084316395497, 0.866263335421233, 0.8668602386264224, 0.9135670195909066, 0.8784771712722071, 0.7880527719489966, 0.8398842771048737, 0.7149259146501742, 0.5692597715799926, 0.7884175408314114, 0.7787861497552103, 0.8434415091134025, 0.7733938202124573, 0.7854465884409003, 0.8147866789124572, 0.7796642422328238, 0.7846478191095145, 0.7756354571578267, 0.7570619196213326, 0.782475010434874, 0.8061037757954469, 0.7490938579949998, 0.8509909759060535, 0.6766931403038886, 0.81284061474591, 0.8417403682376292, 0.6502531294455662, 0.8800030193783279, 0.8824169483524226, 0.9363284404473936, 0.8741151362989034, 0.7319511766313939, 0.6572212124303786, 0.7262349183340162, 0.693956673555891, 0.6790573071837991, 0.6697211672507878, 0.8970018824292649, 0.6484980731449078, 0.7626503394024662, 0.7656705230043048, 0.9088515831616709, 0.6401461026642912, 0.6142727543972928, 0.7735393249500118, 0.5979536411808477, 0.6609415498923948, 0.6951014757034839, 0.6764346012707816, 0.7225551756385071, 0.6703192579165308, 0.7435610414825315, 0.6359985767496125, 0.7479395331417004, 0.6285108038336592, 0.7457571883701344, 0.827419691743589, 0.6306605167957887, 0.6145476908314459, 0.6301271195343131, 0.6641468940171191, 0.6456159288110717, 0.6734342415712269, 0.6645831614186997, 0.6649332610672655, 0.6417238340680448, 0.5690925180747296, 0.72231068051098, 0.739930485737987, 0.7629002142920375, 0.7434692070421657, 0.7111715180478084, 0.7229998615211626, 0.8011265757607109, 0.5991365002034591, 0.90277016311772, 0.9208493440541559, 0.7434507003768399, 0.9623616872202955, 0.7886638073365375, 0.7193329762250414, 0.7029140085724858, 0.8549603859168043, 0.9510203703785539, 0.867781168940541, 0.8677821692627596, 0.8445203057666058, 0.8655430502244091, 0.6875520743897028, 0.7667323512909843, 0.7950313359714661, 0.6989137934665183, 0.7425943171369623, 0.8382984271291719, 0.7884872060692791, 0.7605565410994642, 0.7550170103379967, 0.8541869365733642, 0.5702652508306217, 0.617806092417014, 0.9397979512640036, 0.6224038353766149, 0.7240379746722275, 0.8012091173599504, 0.8244053413647142, 0.7464278623646085, 0.6272314507945119, 0.8887553453478865, 0.8773808659888209, 0.8435873472624392, 0.7651883224721167, 0.8274887303859689, 0.9336407181135857, 0.8204077250207739, 0.6710028298329522, 0.7843536426291258, 0.8251484538042819, 0.7056314967603011, 0.7251856950711952, 0.7657079250898764, 0.8096708453915453, 0.8547857105432356, 0.8458367510799305, 0.7883356289198276, 0.7751616150743675, 0.8718266983289594, 0.8491087667794278, 0.7326159112347106, 0.6594397934300662, 0.5854839121801783, 0.9198932112682131, 0.7525443636426492, 0.787612298533968, 0.7195859831388971, 0.7680705767724996, 0.7061887846207365, 0.7070343939578048, 0.7086950725497664, 0.763316448932546, 0.6230010810690456, 0.7286482510271378, 0.6855285464021231, 0.7918355959040778, 0.7264201382717083, 0.7810452129637434, 0.7191204800353339, 0.7434032109332738, 0.783510216303895, 0.7323181821009699, 0.6884167960338131, 0.7768950144117526, 0.7059895381689607, 0.7029051011510187, 0.8103863714099336, 0.8032577270413984, 0.6612311976527186, 0.7245068744428929, 0.731320035634763, 0.6384300260489303, 0.616577178013705, 0.6546062292680941, 0.6390710962556193, 0.6395014831932564, 0.9268710544323576, 0.8828129225371586, 0.7747020486524911, 0.8267567620121613, 0.8362869735845049, 0.8226946972820008, 0.8042693153829915, 0.7192771255871536, 0.7360614956196756, 0.7954277578769229, 0.7503590604614175, 0.7619055274006267, 0.7385417760232479, 0.7304441443950931, 0.7291523080024205, 0.7402189297684938, 0.7155021193438674, 0.7362278760156669, 0.7093598834177048, 0.7439618761663767, 0.8139122033042527, 0.7104657263093956, 0.683486519082268, 0.7184562671674165, 0.7594828004067322, 0.6925781461874981, 0.7572660872028463, 0.7171062650975345, 0.8497710757060308, 0.882227872521254, 0.8138465089611433, 0.8284744902303383, 0.6623072499615055, 0.7686155672834006, 0.6691112154355219, 0.7500462983138614, 0.861625205497092, 0.7565739000500314, 0.8659070475608637, 0.7293816524565059, 0.7820756934358, 0.7557109724482831, 0.7607238830875973, 0.8103814332377849, 0.7725004783894283, 0.7781937909729235, 0.8086151085678718, 0.774658002424449, 0.6606552182552361, 0.7663557795334821, 0.8534420029945465, 0.7772812370847326, 0.7627342767779548, 0.8808035452931787, 0.6142028727664265, 0.6454397956941221], 'lightweight swinir x2': [0.5960784257611553, 0.7456032460550689, 0.7405929866660991, 0.789409194667353, 0.6908493552996833, 0.8507336644274789, 0.7275976304826655, 0.683832091399618, 0.7593863894784117, 0.7208034740819497, 0.6931368604639281, 0.6715627443781846, 0.7859502366584888, 0.7548960015168618, 0.768438241238919, 0.7410551903052247, 0.700411887352081, 0.7046546678775218, 0.6344475593536186, 0.7570847535653324, 0.7623614763315817, 0.7846494298116221, 0.7635741636961992, 0.7547858162182278, 0.7201530815178807, 0.7062946364534087, 0.7877693462535023, 0.8253230994831556, 0.6192104874758825, 0.7808502704414543, 0.8261379096886278, 0.8009869779486131, 0.7745006221131097, 0.642880864398179, 0.6358915056489992, 0.7295215650014549, 0.7560202796468971, 0.663857486191721, 0.7129015083406818, 0.6694004104285622, 0.6383693232531029, 0.7366464388672116, 0.7441028384227757, 0.9803993675381859, 0.8999929125149435, 0.94219461477787, 0.9517628999840159, 0.8526953359704738, 0.9719124071603288, 0.9233273492789563, 0.8240634290779899, 0.7672540068369996, 0.8831935899677393, 0.8780511259818877, 0.9029400499859711, 0.703078780269839, 0.6966047269461837, 0.8156619892715468, 0.7831516963644612, 0.8599145806563708, 0.8992545495290778, 0.946293714999763, 0.9437541302645405, 0.5232392189931255, 0.7784553450727414, 0.5610315874196158, 0.49796423324567024, 0.9149355811201593, 0.8903266878921361, 0.6945541089209089, 0.7341812124463867, 0.7373940287961938, 0.7604146675078552, 0.7493737360057136, 0.7699754632299238, 0.7910804333292688, 0.786188612541867, 0.7640928623189925, 0.8274749494366394, 0.7525859946458044, 0.8035449693634046, 0.8516159889201252, 0.8653592239461467, 0.9199972637288348, 0.8848021896010551, 0.8085603412014019, 0.8691898604170869, 0.9253747510034865, 0.6434897332168593, 0.8510360253811143, 0.47313787717890465, 0.9631529709063016, 0.8047388064128723, 0.9439116347278996, 0.8486828532633627, 0.7066169789946021, 0.9622376264775901, 0.8321950879252122, 0.9136540058527958, 0.9218480838698836, 0.9050110464309928, 0.9019328039216636, 0.9012613312009267, 0.881447286660092, 0.7634807805287208, 0.8278904921027059, 0.9190946178433552, 0.880937076275651, 0.7756679865834069, 0.6585730758166524, 0.5106991208882388, 0.42650943461381363, 0.5083470191349586, 0.6948600853887134, 0.6218438727788513, 0.6660467839714953, 0.724510888917751, 0.5286573565809372, 0.7690039526065867, 0.780289349275014, 0.5016551958576917, 0.9468440307807573, 0.7378213735042627, 0.63226505994133, 0.8760903347981848, 0.8467497101560298, 0.8867776142370846, 0.6027692558687491, 0.7919178008545825, 0.7987442950346539, 0.7032389180139764, 0.9165738706128972, 0.8820018073784672, 0.8201943474820886, 0.8167750023794278, 0.7619657744514328, 0.7214023793133518, 0.7887009093054236, 0.8804665116755109, 0.8322413368004044, 0.8831645738502707, 0.7836689217141805, 0.729745082409883, 0.8760673182701507, 0.8080695263210259, 0.62055401628276, 0.8696713006090983, 0.6361342034804817, 0.8965755711055144, 0.8609681766097725, 0.7895414591122184, 0.8188038422051546, 0.5341043827180384, 0.8960770639306535, 0.8786111898024809, 0.7187414658208705, 0.9251206139115542, 0.7780195107600263, 0.7527016228483371, 0.7696138591004492, 0.6728254235145336, 0.8575098717849703, 0.8243672470971888, 0.7066119460323189, 0.7291724104031694, 0.8835263052014991, 0.8004338291119398, 0.9207306842038954, 0.6172521055219439, 0.6982320143326081, 0.6272913122793456, 0.6908970508126439, 0.6727084146481597, 0.7330355106079223, 0.559030410044298, 0.5483033098513502, 0.5656772401595723, 0.40248709760625423, 0.5842765289265807, 0.7356884936067881, 0.4114834286350691, 0.6981794812783729, 0.5697919140875715, 0.555910456783399, 0.8043146186795954, 0.8806416564778327, 0.5150931313564477, 0.5092039977988779, 0.6348801685457529, 0.6925034693513895, 0.6878154553591267, 0.6757285540250667, 0.6809503422364107, 0.6700909239178496, 0.5991965163348288, 0.8024225720820207, 0.9304178227037319, 0.8415610619107652, 0.9513992746532467, 0.8838418294948526, 0.5864159871033058, 0.794509874277532, 0.5492290370787781, 0.7301232352356514, 0.8813267970249944, 0.6272661437351125, 0.7546784302619012, 0.5767531357254088, 0.8662912185461105, 0.6339900487501136, 0.5739289823406081, 0.6696314042125168, 0.5702420651383403, 0.7136348485819837, 0.7568405035877169, 0.6213789556698918, 0.7332766304018576, 0.5846037679585694, 0.6152368238290188, 0.49628407887203885, 0.5023505180182678, 0.6125009684729666, 0.7506509148035465, 0.5239792458642065, 0.510967364587964, 0.470570194109318, 0.6849563066957212, 0.7276657045642299, 0.5913229789167362, 0.5557282467994689, 0.7976150375260704, 0.7020508585982966, 0.689685569807947, 0.6547333676611897, 0.6485274905618921, 0.7348274271642675, 0.7064164349646922, 0.6309990274762937, 0.7976928813011667, 0.7754723188352131, 0.7780851551326221, 0.8177573248396554, 0.724439278893216, 0.7316379545799714, 0.733170262192839, 0.8203634143004953, 0.8211835300994921, 0.6663325220086236, 0.5945204596659204, 0.7324380778238793, 0.8380660582616564, 0.8048776916846663, 0.605347879791365, 0.6639700974282345, 0.6292559031297886, 0.7833328589552484, 0.732866474368073, 0.6542872257335205, 0.7963925389233538, 0.6407540097268056, 0.6090433466830476, 0.5812879917260239, 0.6797199364391425, 0.5706299351736995, 0.5461911972794848, 0.5203476870855338, 0.7142977905475101, 0.7351601851809296, 0.8269531623945431, 0.5681813783903319, 0.5262288332475924, 0.576460231948079, 0.5911563307479317, 0.5859771346159355, 0.5186797066338737, 0.726128230589891, 0.49111970419857204, 0.553771378922466, 0.5540679053546526, 0.5706803784040158, 0.542860685921724, 0.5731603712670033, 0.6503883730620768, 0.43365667498109617, 0.6978399294038051, 0.6877187244794173, 0.6768413809672428, 0.6974169840886645, 0.7104302235934166, 0.6198225967604483, 0.644310560433417, 0.6591750845217005, 0.6210146839996636, 0.5914128399034771, 0.7214349694943227, 0.5873059825682008, 0.619162083801954, 0.6295912773371066, 0.6226404899958266, 0.46054544827371896, 0.552810892036194, 0.5464554061375331, 0.7702758579803263, 0.8915896852950478, 0.7759674020268438, 0.5859295710154364, 0.9480345818792891, 0.9051389569010911, 0.9406444705769724, 0.86961778229958, 0.8374214876739613, 0.8269836182276225, 0.9555664164262923, 0.8697263736143305, 0.9201228557154194, 0.8577855816013331, 0.9549389762311978, 0.8634435989078441, 0.9536955476844852, 0.9442708012977071, 0.7336497492456455, 0.9080489244851704, 0.8765473844966359, 0.8499990215747089, 0.6484387956023315, 0.8558101897693475, 0.7943383862314302, 0.8907959401331331, 0.9819740885807396, 0.8246508475392212, 0.9668631411505563, 0.9633028106544544, 0.9398999786999719, 0.9376932149328239, 0.8123318816732942, 0.7638853924066036, 0.8015266756152964, 0.808291109028778, 0.8483694243373797, 0.7446781885447062, 0.6646962865753004, 0.828485351553586, 0.7972305963709179, 0.8242357858861776, 0.6083344381932552, 0.8328584295221578, 0.8691955296579459, 0.7752270497874347, 0.7218682609769591, 0.8014092223123878, 0.8566068998872498, 0.8199716539604571, 0.8302993302702307, 0.8565418207700293, 0.7310896577444517, 0.867185148609252, 0.8478163232260273, 0.7662707879241734, 0.7958258987438439, 0.8189728069381714, 0.8284096723003768, 0.8850561827164213, 0.7739383185874992, 0.760019110380076, 0.33908735645288035, 0.6179147953922542, 0.7614417884461325, 0.46951170371222706, 0.7569968221269042, 0.8936354512550407, 0.6652214568088389, 0.8299086675433053, 0.8326119800263844, 0.864294254549041, 0.7722770140481997, 0.7157215819023391, 0.7240593978245341, 0.576160304855615, 0.616538264847232, 0.5599153989504588, 0.5681722189702616, 0.6143545631845481, 0.5300209091816297, 0.6030897662340269, 0.7188498403230921, 0.5776115526346682, 0.7566964778897104, 0.6899700651473596, 0.5587189649512774, 0.7970054135870278, 0.6016259058672337, 0.4753739051803189, 0.6570386499756988, 0.8431930758956987, 0.6068484441030327, 0.7348896802955899, 0.7516971270542389, 0.6519720599459539, 0.6589203070135078, 0.8064532586632526, 0.6712035093958207, 0.5682636034044196, 0.815418125350059, 0.6481520075902639, 0.6247557921803133, 0.8408335457257724, 0.6952031884465731, 0.6847950604435395, 0.7475050647702287, 0.7251109731659356, 0.845427567021503, 0.904711491965959, 0.6976572947979442, 0.6502466263684595, 0.5989356120456875, 0.6954117123475884, 0.7182036721801232, 0.6608501515495367, 0.579454763883839, 0.44731214032589306, 0.6217811610492312, 0.7087494764372649, 0.5421900742992194, 0.7975737046335378, 0.7863358015395889, 0.7181484876071768, 0.7205977227086425, 0.6690350583534419, 0.7404473480281853, 0.3569806071082578, 0.49014119327324285, 0.7246378240893584, 0.6608746680974877, 0.7397874594721806, 0.7326837702347214, 0.7692462614350907, 0.7143739546929363, 0.6442701939908041, 0.7523785416449721, 0.8576215550595572, 0.7518769092749429, 0.8767340018413657, 0.9098175790576349, 0.7973148760892205, 0.9264042210823492, 0.5077889569290855, 0.42856659392621754, 0.8993080177058133, 0.919758825725356, 0.9520634877217151, 0.6170591694837275, 0.6530483564632574, 0.5729354042709874, 0.5122434686403747, 0.4979459728006441, 0.5466236688516077, 0.5289717181300536, 0.553801415244512, 0.5595988689884562, 0.5763778919102558, 0.5320408480097092, 0.5379627031208232, 0.7383717375021066, 0.8643843460896546, 0.8710828192278139, 0.4406926922689179, 0.5607448779399153, 0.5176649818462484, 0.564287582636749, 0.5612492854423257, 0.5497654527531786, 0.5140322462109554, 0.5651413052469793, 0.535283661430019, 0.624709293631957, 0.6317325882651031, 0.6637554857249366, 0.5850771381344407, 0.6478087664258694, 0.689300505212206, 0.5868710662954011, 0.5662379885330884, 0.5340383741238957, 0.6170870285639876, 0.6544303700509922, 0.6641132308576859, 0.6362583441334498, 0.6201002569606282, 0.6694579649089684, 0.637349317630666, 0.5943833866744853, 0.5241188057129661, 0.6872275779278143, 0.7307147716956776, 0.6968884736439153, 0.6923754448003021, 0.6589478021539925, 0.7559035465404754, 0.6642710394308458, 0.704161247480847, 0.6497968750788489, 0.7583446222866018, 0.7805264836872987, 0.7470859401225877, 0.7904417026097446, 0.7648179900534593, 0.7396701601656679, 0.7218722044571794, 0.7414628135462153, 0.7132883076306185, 0.7371255409232736, 0.6616707798184207, 0.6708824275854939, 0.6894876390284752, 0.7009257057025736, 0.735502787248224, 0.7144295531052356, 0.8362967229075189, 0.866152802039653, 0.8273881988786076, 0.5940114013072654, 0.6902465202332474, 0.6962840076280008, 0.7054584842527812, 0.6558582559706236, 0.6243792630929833, 0.7044726007217661, 0.6262999726699918, 0.7035277423205535, 0.6676304617918238, 0.7543613687126184, 0.7455244982269537, 0.731373402659738, 0.7088997203735081, 0.7630308007140978, 0.6598408593991072, 0.783195574267265, 0.6787307656270424, 0.8153334450355665, 0.7919046636975368, 0.7806557231857578, 0.6878852582736952, 0.7184073055047947, 0.8659014743792133, 0.7018280183061406, 0.724242614697388, 0.7353514832696261, 0.6489725568945178, 0.6732750460125432, 0.7310894403185989, 0.6621480578079098, 0.7352228848395889, 0.8099666454598727, 0.7994571882650312, 0.7822790106470252, 0.7363911045074115, 0.6820630386957288, 0.8165091692296621, 0.7127363513320134, 0.8080596806482239, 0.8936640165323533, 0.7752615995962929, 0.6703049996792821, 0.6444599498313373, 0.8515562440331698, 0.8278385705625244, 0.7082862781598239, 0.7245854808913331, 0.7524833354129414, 0.657623840691023, 0.6759440856592643, 0.8233467039268345, 0.7755011680067908, 0.7985025188866264, 0.7846328944888611, 0.8456406756185384, 0.7266249101154064, 0.5994418300260854, 0.6698083399482826, 0.6346240120607537, 0.6275213070209265, 0.6442422579999258, 0.771781308247829, 0.6030214266965696, 0.7723817708789199, 0.7949017281605816, 0.6414522818548628, 0.6225753448547865, 0.564892939945077, 0.7155469686200093, 0.6945163336872245, 0.6785409471586391, 0.8501505056683594, 0.8852430441712076, 0.9248716611154889, 0.8950985088751509, 0.9135248216072509, 0.6911636291380078, 0.6701114336866263, 0.8194434785012186, 0.8812551444194031, 0.7518322769094196, 0.7399576492513592, 0.7272763643538138, 0.7834499945745701, 0.771777164252983, 0.7018386027710449, 0.6060857735520331, 0.8993082701833055, 0.7714397419431638, 0.6402432761566054, 0.5713300928504965, 0.5620045238235863, 0.5260076015001214, 0.8376529197621159, 0.752725127762076, 0.820063833736778, 0.8064076596157091, 0.730321278714344, 0.8128373234790922, 0.8785903027726123, 0.5750834830482865, 0.6467293053520917, 0.6945176286768263, 0.7042041748632489, 0.7700146101336394, 0.761695508628669, 0.8469963054087419, 0.7903952354737468, 0.7582337064263371, 0.7198559525791148, 0.6482395551881567, 0.8309853347403995, 0.6712683259534844, 0.7003203986016496, 0.8322904949910535, 0.618589171853058, 0.6947600857817535, 0.7227475468851488, 0.8194361082255348, 0.6350874329298161, 0.7031403037396791, 0.6562318250185625, 0.8812765215792666, 0.798178977297918, 0.6830856429202301, 0.6822204090406656, 0.7468105318087924, 0.5925734228726475, 0.7276511698305721, 0.7264150096664591, 0.7580097324303118, 0.8659467862348816, 0.6598153092531721, 0.7510884188154607, 0.6135791554662755, 0.7849457252952627, 0.7205973853165544, 0.622789580270813, 0.7456827219775071, 0.7345202557308235, 0.7289015876772308, 0.7767342225058538, 0.7239280830785234, 0.7601429684584674, 0.8213857889875358, 0.4895845152791771, 0.7648288514144037, 0.5020443581650939, 0.8098169026379466, 0.7692485384182427, 0.7771509000722232, 0.7799593685056107, 0.7590598691377118, 0.6213951910552402, 0.6546336362565383, 0.8529498108850576, 0.8139664303031819, 0.8360302390054462, 0.8680110881729458, 0.597527761145282, 0.706688814466958, 0.8096871964354151, 0.8164944881196035, 0.9147884617623033, 0.8377932366297187, 0.9007957782783808, 0.8791501542571987, 0.8392289001823312, 0.7702501074049809, 0.7311279243413412, 0.6561788486285834, 0.6825493795849894, 0.5758447995082575, 0.6040532682915581, 0.8113457384294127, 0.6822461260735188, 0.7803489432423736, 0.7497664378011686, 0.6805634507788035, 0.8175894487300408, 0.6352104982649631, 0.7824846072523847, 0.7027320575704892, 0.8597526225870121, 0.7410583934031092, 0.7945025667085163, 0.5751460862235992, 0.6337239758003478, 0.7306422974619082, 0.6257438485473618, 0.5375287381228259, 0.608966360660674, 0.7434909865739242, 0.6103282034167675, 0.6067706409590397, 0.7374687634789748, 0.6769875728363275, 0.7738949866059349, 0.7877860067266527, 0.6173907493422212, 0.6913669375692739, 0.8997545493279223, 0.5093246985489739, 0.7202128390359301, 0.731215568850279, 0.8833750735688685, 0.7198335054648736, 0.6717696792292007, 0.6682632393027484, 0.7443125093579271, 0.6800274721538656, 0.4967973167532778, 0.6348414434710771, 0.6359465136447433, 0.6194662559041675, 0.594881860311999, 0.6019631440823207, 0.6243657439944849, 0.669735652311575, 0.541177376962941, 0.5688429293064757, 0.5934039965808283, 0.5615552229015858, 0.8646884383139516, 0.5629225132176563, 0.4963818845459591, 0.8514970837039476, 0.7349442059048853, 0.8367888615382635, 0.6808691546163287, 0.7759925556945038, 0.8172933510579854, 0.7477959162013547, 0.7913916858907, 0.9141035015559259, 0.9122767834339127, 0.7285136061558569, 0.7713437936913157, 0.8550946911388556, 0.7941715015314196, 0.8361250509572613, 0.7803094634065687, 0.747401276069773, 0.695254316557294, 0.7838221352573342, 0.7146263250725354, 0.7699536586918289, 0.7920361049310503, 0.7395474869523297, 0.8099031276409565, 0.7304909049984434, 0.5999410368486356, 0.7482472633945481, 0.6364224140318412, 0.726603819853579, 0.7248410289860153, 0.7444316199515102, 0.6173606138564498, 0.7595442602605001, 0.8232916933201914, 0.6984025092932615, 0.782109168789024, 0.8162336030027352, 0.8536318668725433, 0.8074988586432592, 0.718614384525741, 0.7627309693291694, 0.6334338384444098, 0.45973298077991254, 0.6834400353925871, 0.7005584038373863, 0.7687698316072498, 0.679022378270377, 0.6948848288939107, 0.7400687377171243, 0.6803084291001733, 0.6836270666774581, 0.6986196492058336, 0.6661515263103036, 0.7109939310218107, 0.7039305692443615, 0.6579650051260596, 0.7507561384013166, 0.5781864367527391, 0.7198476293888758, 0.7872505512695627, 0.5393309753025649, 0.8343634673744973, 0.8303023468565898, 0.9080396760408995, 0.8150310826615543, 0.6568125367870086, 0.5372608099987236, 0.6378198167870601, 0.5899305922842444, 0.6095039757520516, 0.5769339678750833, 0.8384294771464672, 0.5515359221097512, 0.6755465048596038, 0.6674385795544275, 0.836831762400534, 0.5001843063006087, 0.5116608797661263, 0.6800300274446162, 0.44814836197659225, 0.5363853610835508, 0.5577936056118085, 0.5771628655016805, 0.6158406962900136, 0.557332834299279, 0.6528866722084768, 0.4919448829695786, 0.638115931297825, 0.5247584634495028, 0.6335302237213266, 0.7584567303822777, 0.5281304185207103, 0.5228867448945016, 0.4915991997528443, 0.5629756443629662, 0.5448091010250418, 0.5571568746341993, 0.5251622297588795, 0.543710533782738, 0.5083299948561506, 0.4361224421904649, 0.637897557025821, 0.6358609562787414, 0.6839081372271499, 0.6727291329188939, 0.5995420841129615, 0.6146235520617317, 0.733756472158073, 0.459325456163304, 0.8423645376927155, 0.8689548321099246, 0.6369436474348081, 0.9391678434324604, 0.6756032128844616, 0.6010661998402173, 0.5785905980100454, 0.7733292405691456, 0.921090593957889, 0.7689799156612189, 0.7865147005888007, 0.7455338118086343, 0.7505365812734939, 0.5525884162990399, 0.6586273902800731, 0.6633910788139534, 0.5834282941841582, 0.6450449637887771, 0.723731759303243, 0.6469518961224344, 0.6392982060266515, 0.6373153665324343, 0.7738099547430058, 0.4523084443090186, 0.4873249180720204, 0.9117598596922025, 0.4712620396007839, 0.5989505841361478, 0.7237853019854005, 0.7712898354520932, 0.6394208766197444, 0.5026653597494752, 0.8056771536473092, 0.7855429209597706, 0.7279920019396146, 0.6692526055963339, 0.7259699796346016, 0.8907919338114453, 0.7285201316253418, 0.5685654709184452, 0.6872718217671085, 0.7390568835862384, 0.6129340171256676, 0.6164878908267687, 0.6612789830918215, 0.697812823428537, 0.7740646045381488, 0.7123514246349011, 0.6988195201564849, 0.6968323992172992, 0.8128534777807016, 0.7703641478739949, 0.6322669661269685, 0.5304748192597895, 0.4422895684651091, 0.8411037715929927, 0.6461727159184555, 0.6842798917367928, 0.6213940832297962, 0.6712562620698956, 0.5420315933073702, 0.5823465044532758, 0.5824098320138952, 0.68901670849513, 0.498214826495696, 0.6378487630454216, 0.570129329683523, 0.6794146195672455, 0.6326753663134145, 0.7117045082732222, 0.6300542476739526, 0.6519975322176556, 0.685989941076871, 0.6355262440107569, 0.5956958823464269, 0.6764601907851003, 0.59524253141635, 0.6060839619208681, 0.6993984268383217, 0.7021983455578668, 0.5441982092506535, 0.6160634614999784, 0.6275186723202895, 0.501305337813844, 0.509322342478472, 0.5291000910434577, 0.49416550722929353, 0.5146439469186502, 0.8721318154537292, 0.8230510694378914, 0.6834488935530111, 0.7414659174978182, 0.7297908694055486, 0.7168170170647153, 0.7257448390243512, 0.6288743670626853, 0.6350646047935001, 0.7199296072326845, 0.6399984950156017, 0.644840023002185, 0.6310513750656868, 0.640665695005701, 0.6339059165474689, 0.6513582469240783, 0.6144346957033301, 0.6336333330286307, 0.6010840998060792, 0.6578454126954151, 0.6715015697429528, 0.5577804478072446, 0.5859303373419708, 0.6223449184234846, 0.6621296283250039, 0.572849489872894, 0.6621066007623108, 0.5898307196293903, 0.741100933471331, 0.8188816869005221, 0.7351269185924961, 0.7521050788205931, 0.5588794277469932, 0.6644347785625089, 0.5689050679451602, 0.6237468865013809, 0.7511020040734029, 0.6741733875831036, 0.8036828721417302, 0.629853363317176, 0.6579474750043051, 0.6659492074010218, 0.6590913115369136, 0.7215005834025795, 0.6806636272420558, 0.6753146550139415, 0.7160491071355779, 0.6533463412446618, 0.5450864040686052, 0.6777176989735103, 0.7811345286958049, 0.6880843632214572, 0.6608497903588166, 0.7901599151746179, 0.48962099201867976, 0.5271518094624208]}
